4 0.8161057692307693 0.30528846153846156 0.08653846153846154 0.17307692307692307
1 0.8185096153846154 0.38221153846153844 0.09615384615384616 0.19951923076923078
0 0.8293269230769231 0.5132211538461539 0.07451923076923077 0.1466346153846154
0 0.7956730769230769 0.21153846153846154 0.0673076923076923 0.1346153846153846
2 0.7920673076923077 0.12980769230769232 0.06971153846153846 0.125
2 0.8341346153846154 0.6370192307692307 0.0889423076923077 0.13221153846153846
5 0.8389423076923077 0.7704326923076923 0.08653846153846154 0.14182692307692307
5 0.7944711538461539 0.0673076923076923 0.06009615384615385 0.09134615384615384
3 0.7091346153846154 0.05889423076923077 0.05048076923076923 0.08653846153846154
3 0.7067307692307693 0.13341346153846154 0.04807692307692308 0.10096153846153846
3 0.7127403846153846 0.22115384615384615 0.052884615384615384 0.10336538461538461
3 0.7139423076923077 0.30649038461538464 0.052884615384615384 0.10336538461538461
3 0.7175480769230769 0.4074519230769231 0.06009615384615385 0.10576923076923077
3 0.7199519230769231 0.5216346153846154 0.06490384615384616 0.11298076923076923
3 0.7259615384615384 0.6370192307692307 0.06009615384615385 0.11778846153846154
3 0.7307692307692307 0.7668269230769231 0.06490384615384616 0.11538461538461539
4 0.19110576923076922 0.22956730769230768 0.07692307692307693 0.18028846153846154
1 0.16947115384615385 0.31850961538461536 0.08653846153846154 0.20673076923076922
0 0.20432692307692307 0.14903846153846154 0.0625 0.14423076923076922
0 0.14423076923076922 0.4495192307692308 0.06971153846153846 0.14182692307692307
2 0.22716346153846154 0.07091346153846154 0.06490384615384616 0.13701923076923078
2 0.140625 0.5697115384615384 0.07692307692307693 0.15144230769230768
5 0.0985576923076923 0.7211538461538461 0.08173076923076923 0.1466346153846154
5 0.23557692307692307 0.026442307692307692 0.057692307692307696 0.052884615384615384
3 0.30649038461538464 0.09254807692307693 0.055288461538461536 0.10336538461538461
3 0.3137019230769231 0.03125 0.05048076923076923 0.0625
3 0.296875 0.17908653846153846 0.052884615384615384 0.10336538461538461
3 0.2824519230769231 0.2704326923076923 0.055288461538461536 0.10817307692307693
3 0.27163461538461536 0.3762019230769231 0.057692307692307696 0.10817307692307693
3 0.2512019230769231 0.484375 0.057692307692307696 0.10576923076923077
3 0.24158653846153846 0.5913461538461539 0.06009615384615385 0.11298076923076923
3 0.21514423076923078 0.71875 0.07451923076923077 0.1201923076923077