4 0.7872596153846154 0.2920673076923077 0.07692307692307693 0.17307692307692307
1 0.7944711538461539 0.36899038461538464 0.08413461538461539 0.1971153846153846
0 0.8149038461538461 0.5012019230769231 0.0673076923076923 0.14182692307692307
0 0.7596153846153846 0.19951923076923078 0.057692307692307696 0.13221153846153846
2 0.75 0.11778846153846154 0.0625 0.12259615384615384
2 0.8293269230769231 0.625 0.08173076923076923 0.12980769230769232
5 0.8425480769230769 0.7608173076923077 0.07932692307692307 0.13942307692307693
5 0.7487980769230769 0.051682692307692304 0.055288461538461536 0.09375
3 0.6610576923076923 0.04807692307692308 0.04807692307692308 0.09134615384615384
3 0.6646634615384616 0.12620192307692307 0.04326923076923077 0.0985576923076923
3 0.6766826923076923 0.21514423076923078 0.04567307692307692 0.10096153846153846
3 0.6838942307692307 0.3004807692307692 0.04567307692307692 0.10336538461538461
3 0.6947115384615384 0.4014423076923077 0.052884615384615384 0.10336538461538461
3 0.7055288461538461 0.5168269230769231 0.057692307692307696 0.11057692307692307
3 0.7199519230769231 0.6322115384615384 0.052884615384615384 0.11538461538461539
3 0.7331730769230769 0.7620192307692307 0.057692307692307696 0.11538461538461539
4 0.1502403846153846 0.25961538461538464 0.06490384615384616 0.18028846153846154
1 0.13581730769230768 0.35216346153846156 0.07451923076923077 0.20673076923076922
0 0.15985576923076922 0.17908653846153846 0.055288461538461536 0.14182692307692307
0 0.11899038461538461 0.484375 0.06009615384615385 0.13942307692307693
2 0.1778846153846154 0.09615384615384616 0.057692307692307696 0.1346153846153846
2 0.12379807692307693 0.6069711538461539 0.06971153846153846 0.14903846153846154
5 0.09134615384615384 0.7620192307692307 0.07451923076923077 0.14423076923076922
5 0.1814903846153846 0.038461538461538464 0.055288461538461536 0.07692307692307693
3 0.25841346153846156 0.11298076923076923 0.04807692307692308 0.10336538461538461
3 0.26322115384615385 0.040865384615384616 0.05048076923076923 0.08173076923076923
3 0.2536057692307692 0.20192307692307693 0.04567307692307692 0.10336538461538461
3 0.24639423076923078 0.29447115384615385 0.04807692307692308 0.10817307692307693
3 0.24278846153846154 0.4014423076923077 0.05048076923076923 0.10576923076923077
3 0.23076923076923078 0.5132211538461539 0.05048076923076923 0.10336538461538461
3 0.22716346153846154 0.6201923076923077 0.055288461538461536 0.11057692307692307
3 0.21033653846153846 0.7524038461538461 0.0673076923076923 0.11778846153846154