4 0.8293269230769231 0.3004807692307692 0.07932692307692307 0.17067307692307693
1 0.8353365384615384 0.37740384615384615 0.08653846153846154 0.1971153846153846
0 0.8521634615384616 0.5084134615384616 0.06971153846153846 0.14182692307692307
0 0.8040865384615384 0.2091346153846154 0.06009615384615385 0.13221153846153846
2 0.7944711538461539 0.12740384615384615 0.06490384615384616 0.12259615384615384
2 0.8641826923076923 0.6322115384615384 0.08173076923076923 0.12740384615384615
5 0.875 0.765625 0.07932692307692307 0.13942307692307693
5 0.7944711538461539 0.05889423076923077 0.055288461538461536 0.10096153846153846
3 0.7079326923076923 0.055288461538461536 0.04567307692307692 0.09615384615384616
3 0.7115384615384616 0.13581730769230768 0.04326923076923077 0.0985576923076923
3 0.7199519230769231 0.22235576923076922 0.04807692307692308 0.10096153846153846
3 0.7259615384615384 0.3076923076923077 0.04567307692307692 0.10336538461538461
3 0.7355769230769231 0.40865384615384615 0.052884615384615384 0.10336538461538461
3 0.7427884615384616 0.5228365384615384 0.06009615384615385 0.11057692307692307
3 0.7560096153846154 0.6370192307692307 0.055288461538461536 0.11538461538461539
3 0.7668269230769231 0.765625 0.06009615384615385 0.11298076923076923
4 0.20072115384615385 0.25841346153846156 0.06971153846153846 0.1778846153846154
1 0.18389423076923078 0.3485576923076923 0.07692307692307693 0.20432692307692307
0 0.2091346153846154 0.1778846153846154 0.055288461538461536 0.14182692307692307
0 0.16346153846153846 0.4795673076923077 0.0625 0.13942307692307693
2 0.22956730769230768 0.09735576923076923 0.057692307692307696 0.1346153846153846
2 0.16706730769230768 0.6009615384615384 0.06971153846153846 0.14903846153846154
5 0.13221153846153846 0.7536057692307693 0.07692307692307693 0.14182692307692307
5 0.23317307692307693 0.039663461538461536 0.057692307692307696 0.07932692307692307
3 0.3076923076923077 0.11538461538461539 0.04807692307692308 0.10336538461538461
3 0.3125 0.042067307692307696 0.04807692307692308 0.08413461538461539
3 0.30288461538461536 0.203125 0.04567307692307692 0.10336538461538461
3 0.2932692307692308 0.2956730769230769 0.05048076923076923 0.10817307692307693
3 0.28966346153846156 0.4014423076923077 0.05048076923076923 0.10576923076923077
3 0.27524038461538464 0.5096153846153846 0.05048076923076923 0.10336538461538461
3 0.26802884615384615 0.6165865384615384 0.055288461538461536 0.11057692307692307
3 0.25 0.7463942307692307 0.06971153846153846 0.11778846153846154