3 0.27524038461538464 0.14543269230769232 0.0673076923076923 0.11778846153846154
0 0.43028846153846156 0.43149038461538464 0.07211538461538461 0.14903846153846154
1 0.15144230769230768 0.28125 0.09375 0.21875
4 0.34975961538461536 0.1346153846153846 0.07692307692307693 0.18990384615384615
5 0.42788461538461536 0.33774038461538464 0.07211538461538461 0.13701923076923078
2 0.421875 0.6574519230769231 0.08173076923076923 0.1658653846153846
3 0.24519230769230768 0.31971153846153844 0.0673076923076923 0.12740384615384615
3 0.3269230769230769 0.5576923076923077 0.06971153846153846 0.13221153846153846
5 0.27884615384615385 0.057692307692307696 0.07211538461538461 0.11538461538461539
2 0.20793269230769232 0.6382211538461539 0.08173076923076923 0.16826923076923078
1 0.7776442307692307 0.31971153846153844 0.10817307692307693 0.21875
3 0.5144230769230769 0.6802884615384616 0.0673076923076923 0.12740384615384615
3 0.5865384615384616 0.359375 0.057692307692307696 0.1201923076923077
3 0.5901442307692307 0.5552884615384616 0.0673076923076923 0.1346153846153846