3 0.2644230769230769 0.15625 0.06009615384615385 0.11057692307692307
0 0.4362980769230769 0.42788461538461536 0.0625 0.14423076923076922
1 0.1502403846153846 0.29927884615384615 0.07692307692307693 0.21153846153846154
4 0.33653846153846156 0.13942307692307693 0.06490384615384616 0.18269230769230768
5 0.42788461538461536 0.33533653846153844 0.0625 0.12980769230769232
2 0.44350961538461536 0.6514423076923077 0.0673076923076923 0.15865384615384615
3 0.24639423076923078 0.33052884615384615 0.057692307692307696 0.1201923076923077
3 0.34375 0.5600961538461539 0.06009615384615385 0.125
5 0.25841346153846156 0.06129807692307692 0.06009615384615385 0.12259615384615384
2 0.23197115384615385 0.6478365384615384 0.07211538461538461 0.16346153846153846
1 0.7704326923076923 0.2932692307692308 0.09134615384615384 0.21153846153846154
3 0.5360576923076923 0.6670673076923077 0.057692307692307696 0.12259615384615384
3 0.5853365384615384 0.34615384615384615 0.05048076923076923 0.11538461538461539
3 0.6033653846153846 0.5396634615384616 0.057692307692307696 0.12980769230769232