3 0.3016826923076923 0.1346153846153846 0.0673076923076923 0.11778846153846154
0 0.46274038461538464 0.4206730769230769 0.07211538461538461 0.15144230769230768
1 0.17668269230769232 0.27524038461538464 0.09134615384615384 0.22115384615384615
4 0.3762019230769231 0.1201923076923077 0.07692307692307693 0.19230769230769232
5 0.46033653846153844 0.32572115384615385 0.06971153846153846 0.13701923076923078
2 0.4579326923076923 0.6502403846153846 0.07932692307692307 0.16826923076923078
3 0.27283653846153844 0.3112980769230769 0.0673076923076923 0.12740384615384615
3 0.36177884615384615 0.5528846153846154 0.06971153846153846 0.13221153846153846
5 0.3016826923076923 0.051682692307692304 0.06971153846153846 0.10336538461538461
2 0.24158653846153846 0.6370192307692307 0.08173076923076923 0.17067307692307693
1 0.8137019230769231 0.3016826923076923 0.10576923076923077 0.22115384615384615
3 0.5528846153846154 0.671875 0.0673076923076923 0.12980769230769232
3 0.6213942307692307 0.3449519230769231 0.057692307692307696 0.12259615384615384
3 0.6286057692307693 0.5456730769230769 0.0673076923076923 0.1346153846153846