0 0.4362980769230769 0.4338942307692308 0.06971153846153846 0.15144230769230768
5 0.42788461538461536 0.3401442307692308 0.07211538461538461 0.13942307692307693
4 0.328125 0.15144230769230768 0.07692307692307693 0.18509615384615385
2 0.46274038461538464 0.6526442307692307 0.08413461538461539 0.15384615384615385
3 0.359375 0.5697115384615384 0.0625 0.13221153846153846
3 0.25841346153846156 0.17908653846153846 0.055288461538461536 0.11057692307692307
3 0.24759615384615385 0.3485576923076923 0.0673076923076923 0.11778846153846154
1 0.1502403846153846 0.31971153846153844 0.09375 0.21875
5 0.24759615384615385 0.078125 0.0673076923076923 0.1346153846153846
2 0.24278846153846154 0.65625 0.09375 0.16826923076923078
1 0.7620192307692307 0.28365384615384615 0.09615384615384616 0.20673076923076922
3 0.5817307692307693 0.3401442307692308 0.06009615384615385 0.11538461538461539
3 0.43028846153846156 0.5420673076923077 0.0625 0.1201923076923077
3 0.5504807692307693 0.6658653846153846 0.06490384615384616 0.11778846153846154