0 0.4230769230769231 0.4411057692307692 0.07692307692307693 0.15865384615384615
5 0.40865384615384615 0.34375 0.08173076923076923 0.1466346153846154
4 0.29927884615384615 0.15144230769230768 0.08653846153846154 0.19471153846153846
2 0.4579326923076923 0.6670673076923077 0.09134615384615384 0.16105769230769232
3 0.3473557692307692 0.5841346153846154 0.06971153846153846 0.13942307692307693
3 0.22716346153846154 0.18389423076923078 0.06009615384615385 0.11538461538461539
3 0.22355769230769232 0.3605769230769231 0.07451923076923077 0.125
1 0.12139423076923077 0.33413461538461536 0.10336538461538461 0.2283653846153846
5 0.21514423076923078 0.08533653846153846 0.06971153846153846 0.12980769230769232
2 0.2283653846153846 0.6790865384615384 0.10096153846153846 0.1778846153846154
1 0.7536057692307693 0.27524038461538464 0.10576923076923077 0.21634615384615385
3 0.5697115384615384 0.3389423076923077 0.0673076923076923 0.12259615384615384
3 0.4206730769230769 0.5540865384615384 0.06971153846153846 0.12740384615384615
3 0.5492788461538461 0.6778846153846154 0.07211538461538461 0.125