0 0.4387019230769231 0.4266826923076923 0.07211538461538461 0.15865384615384615
5 0.42788461538461536 0.328125 0.07692307692307693 0.1466346153846154
4 0.3245192307692308 0.1310096153846154 0.08173076923076923 0.19230769230769232
2 0.46634615384615385 0.6538461538461539 0.08653846153846154 0.15865384615384615
3 0.35697115384615385 0.5673076923076923 0.06490384615384616 0.13701923076923078
3 0.2512019230769231 0.15985576923076922 0.057692307692307696 0.11538461538461539
3 0.24158653846153846 0.33653846153846156 0.06971153846153846 0.12259615384615384
1 0.13942307692307693 0.30649038461538464 0.09615384615384616 0.22596153846153846
5 0.24278846153846154 0.06850961538461539 0.0673076923076923 0.11298076923076923
2 0.23557692307692307 0.6586538461538461 0.09615384615384616 0.17548076923076922
1 0.7776442307692307 0.2704326923076923 0.10096153846153846 0.21634615384615385
3 0.5901442307692307 0.328125 0.0625 0.1201923076923077
3 0.43149038461538464 0.5384615384615384 0.06490384615384616 0.125
3 0.5576923076923077 0.6682692307692307 0.0673076923076923 0.12259615384615384