1 0.7391826923076923 0.30408653846153844 0.10576923076923077 0.22115384615384615
4 0.7992788461538461 0.12860576923076922 0.09615384615384616 0.1875
0 0.46875 0.41586538461538464 0.07451923076923077 0.16105769230769232
5 0.4699519230769231 0.3161057692307692 0.08413461538461539 0.1466346153846154
5 0.31490384615384615 0.04807692307692308 0.07211538461538461 0.09615384615384616
1 0.18870192307692307 0.25961538461538464 0.10336538461538461 0.2283653846153846
3 0.31490384615384615 0.11899038461538461 0.06971153846153846 0.12259615384615384
3 0.36778846153846156 0.5396634615384616 0.07211538461538461 0.125
3 0.2824519230769231 0.29927884615384615 0.0673076923076923 0.12980769230769232
3 0.36778846153846156 0.41346153846153844 0.0673076923076923 0.12259615384615384
3 0.6298076923076923 0.33052884615384615 0.0673076923076923 0.125
3 0.5576923076923077 0.6646634615384616 0.06490384615384616 0.12740384615384615