1 0.7043269230769231 0.3161057692307692 0.09375 0.21394230769230768
4 0.7536057692307693 0.13942307692307693 0.08413461538461539 0.1778846153846154
0 0.44591346153846156 0.4375 0.06490384615384616 0.15384615384615385
5 0.4411057692307692 0.3401442307692308 0.07451923076923077 0.14182692307692307
5 0.27884615384615385 0.06490384615384616 0.0625 0.12980769230769232
1 0.16466346153846154 0.29927884615384615 0.09134615384615384 0.21875
3 0.2800480769230769 0.15625 0.0625 0.11538461538461539
3 0.3545673076923077 0.5649038461538461 0.06490384615384616 0.11778846153846154
3 0.25841346153846156 0.3329326923076923 0.057692307692307696 0.12259615384615384
3 0.3473557692307692 0.4411057692307692 0.06009615384615385 0.11778846153846154
3 0.5997596153846154 0.34615384615384615 0.06009615384615385 0.11778846153846154
3 0.5444711538461539 0.6766826923076923 0.057692307692307696 0.12259615384615384