1 0.6947115384615384 0.3004807692307692 0.0889423076923077 0.21153846153846154
4 0.7415865384615384 0.12259615384615384 0.08173076923076923 0.1778846153846154
0 0.4387019230769231 0.4266826923076923 0.0625 0.15384615384615385
5 0.4326923076923077 0.3293269230769231 0.07211538461538461 0.13942307692307693
5 0.26322115384615385 0.06009615384615385 0.057692307692307696 0.1201923076923077
1 0.15504807692307693 0.2932692307692308 0.08653846153846154 0.21634615384615385
3 0.26802884615384615 0.14783653846153846 0.06009615384615385 0.11538461538461539
3 0.34975961538461536 0.5552884615384616 0.0625 0.11778846153846154
3 0.25 0.32572115384615385 0.057692307692307696 0.12259615384615384
3 0.3401442307692308 0.43149038461538464 0.057692307692307696 0.11538461538461539
3 0.5901442307692307 0.3329326923076923 0.057692307692307696 0.11778846153846154
3 0.5420673076923077 0.6634615384615384 0.055288461538461536 0.1201923076923077