1 0.7860576923076923 0.3173076923076923 0.0985576923076923 0.2091346153846154
5 0.44591346153846156 0.3293269230769231 0.07451923076923077 0.14423076923076922
2 0.3581730769230769 0.41466346153846156 0.07692307692307693 0.15384615384615385
0 0.44711538461538464 0.4266826923076923 0.06971153846153846 0.16105769230769232
4 0.37259615384615385 0.1310096153846154 0.08173076923076923 0.18509615384615385
1 0.17908653846153846 0.2776442307692308 0.09615384615384616 0.22115384615384615
3 0.2980769230769231 0.14903846153846154 0.0673076923076923 0.11057692307692307
3 0.2704326923076923 0.31971153846153844 0.0625 0.11778846153846154
3 0.35096153846153844 0.5504807692307693 0.06490384615384616 0.125
5 0.30288461538461536 0.0625 0.07692307692307693 0.125
3 0.6045673076923077 0.35096153846153844 0.0625 0.12259615384615384
3 0.42788461538461536 0.5360576923076923 0.0673076923076923 0.11538461538461539
3 0.5336538461538461 0.6694711538461539 0.06971153846153846 0.125