1 0.7716346153846154 0.24639423076923078 0.10096153846153846 0.21875
5 0.4182692307692308 0.30288461538461536 0.07692307692307693 0.14903846153846154
2 0.33774038461538464 0.4014423076923077 0.07692307692307693 0.15865384615384615
0 0.4326923076923077 0.4026442307692308 0.07211538461538461 0.16826923076923078
4 0.3173076923076923 0.1045673076923077 0.08173076923076923 0.19230769230769232
1 0.1346153846153846 0.2824519230769231 0.09615384615384616 0.23076923076923078
3 0.2403846153846154 0.13221153846153846 0.0673076923076923 0.11538461538461539
3 0.234375 0.3137019230769231 0.06490384615384616 0.125
3 0.3473557692307692 0.5444711538461539 0.0673076923076923 0.12980769230769232
5 0.234375 0.057692307692307696 0.07451923076923077 0.09134615384615384
3 0.5865384615384616 0.30288461538461536 0.0625 0.12740384615384615
3 0.4254807692307692 0.5192307692307693 0.0673076923076923 0.1201923076923077
3 0.5516826923076923 0.6442307692307693 0.06971153846153846 0.12980769230769232