1 0.765625 0.2980769230769231 0.0889423076923077 0.20432692307692307
5 0.42908653846153844 0.3389423076923077 0.0673076923076923 0.13942307692307693
2 0.3485576923076923 0.42908653846153844 0.06971153846153846 0.14903846153846154
0 0.4387019230769231 0.4338942307692308 0.0625 0.15625
4 0.3389423076923077 0.1466346153846154 0.07211538461538461 0.18028846153846154
1 0.15985576923076922 0.31009615384615385 0.08413461538461539 0.21875
3 0.265625 0.17067307692307693 0.06009615384615385 0.10576923076923077
3 0.2536057692307692 0.3449519230769231 0.057692307692307696 0.11538461538461539
3 0.35336538461538464 0.5661057692307693 0.06009615384615385 0.12259615384615384
5 0.2620192307692308 0.07451923076923077 0.06490384615384616 0.1346153846153846
3 0.5877403846153846 0.34615384615384615 0.055288461538461536 0.1201923076923077
3 0.42788461538461536 0.5444711538461539 0.06009615384615385 0.11057692307692307
3 0.5444711538461539 0.6670673076923077 0.0625 0.1201923076923077