4 0.8125 0.2608173076923077 0.07692307692307693 0.1658653846153846
1 0.8161057692307693 0.3389423076923077 0.08173076923076923 0.20192307692307693
0 0.7235576923076923 0.5997596153846154 0.0625 0.14903846153846154
0 0.7836538461538461 0.16826923076923078 0.057692307692307696 0.1466346153846154
5 0.8569711538461539 0.7283653846153846 0.08173076923076923 0.14903846153846154
5 0.7752403846153846 0.04447115384615385 0.055288461538461536 0.07211538461538461
2 0.44471153846153844 0.35336538461538464 0.06490384615384616 0.13942307692307693
2 0.6141826923076923 0.078125 0.055288461538461536 0.14182692307692307
3 0.6935096153846154 0.09735576923076923 0.04567307692307692 0.09134615384615384
3 0.6887019230769231 0.03125 0.04807692307692308 0.052884615384615384
3 0.7271634615384616 0.4855769230769231 0.055288461538461536 0.10576923076923077
3 0.7175480769230769 0.3713942307692308 0.055288461538461536 0.10817307692307693
3 0.6995192307692307 0.18269230769230768 0.05048076923076923 0.10817307692307693
3 0.5288461538461539 0.25721153846153844 0.04567307692307692 0.11298076923076923
3 0.6225961538461539 0.5961538461538461 0.057692307692307696 0.11778846153846154
3 0.6490384615384616 0.7283653846153846 0.06009615384615385 0.12259615384615384
5 0.20793269230769232 0.021634615384615384 0.06490384615384616 0.04326923076923077
5 0.23317307692307693 0.7163461538461539 0.07692307692307693 0.14423076923076922
1 0.15865384615384615 0.31009615384615385 0.08413461538461539 0.21153846153846154
4 0.17668269230769232 0.21875 0.08413461538461539 0.18028846153846154
0 0.14182692307692307 0.44350961538461536 0.07211538461538461 0.14903846153846154
0 0.37259615384615385 0.025240384615384616 0.0625 0.05048076923076923
2 0.3701923076923077 0.140625 0.06490384615384616 0.14423076923076922
2 0.1466346153846154 0.5637019230769231 0.08173076923076923 0.15144230769230768
3 0.4411057692307692 0.7163461538461539 0.06009615384615385 0.11538461538461539
3 0.2536057692307692 0.4699519230769231 0.052884615384615384 0.10576923076923077
3 0.24879807692307693 0.5817307692307693 0.06490384615384616 0.11298076923076923
3 0.26802884615384615 0.3629807692307692 0.052884615384615384 0.11298076923076923
3 0.44471153846153844 0.2536057692307692 0.05048076923076923 0.10576923076923077
3 0.4423076923076923 0.0829326923076923 0.05048076923076923 0.10336538461538461
3 0.2824519230769231 0.16346153846153846 0.05048076923076923 0.11057692307692307
3 0.2920673076923077 0.025240384615384616 0.055288461538461536 0.05048076923076923