4 0.8040865384615384 0.28725961538461536 0.07211538461538461 0.16346153846153846
1 0.8088942307692307 0.3641826923076923 0.07211538461538461 0.1971153846153846
0 0.7259615384615384 0.6237980769230769 0.057692307692307696 0.14423076923076922
0 0.7704326923076923 0.1971153846153846 0.052884615384615384 0.14182692307692307
5 0.8617788461538461 0.7475961538461539 0.07692307692307693 0.14423076923076922
5 0.7596153846153846 0.054086538461538464 0.052884615384615384 0.10817307692307693
2 0.44350961538461536 0.390625 0.06009615384615385 0.13701923076923078
2 0.6009615384615384 0.11298076923076923 0.04807692307692308 0.13942307692307693
3 0.6790865384615384 0.12980769230769232 0.04326923076923077 0.08653846153846154
3 0.671875 0.04447115384615385 0.04567307692307692 0.0889423076923077
3 0.7259615384615384 0.5108173076923077 0.04807692307692308 0.10336538461538461
3 0.7127403846153846 0.39903846153846156 0.04807692307692308 0.10576923076923077
3 0.6887019230769231 0.2127403846153846 0.04326923076923077 0.10576923076923077
3 0.5228365384615384 0.2920673076923077 0.04326923076923077 0.11057692307692307
3 0.6274038461538461 0.625 0.052884615384615384 0.11538461538461539
3 0.6574519230769231 0.7548076923076923 0.055288461538461536 0.1201923076923077
5 0.19591346153846154 0.04447115384615385 0.06009615384615385 0.0889423076923077
5 0.24519230769230768 0.7572115384615384 0.06971153846153846 0.13942307692307693
1 0.15985576923076922 0.3581730769230769 0.07692307692307693 0.20673076923076922
4 0.17307692307692307 0.2668269230769231 0.07692307692307693 0.17548076923076922
0 0.1466346153846154 0.49038461538461536 0.06490384615384616 0.1466346153846154
0 0.359375 0.04567307692307692 0.052884615384615384 0.09134615384615384
2 0.36177884615384615 0.18269230769230768 0.057692307692307696 0.13942307692307693
2 0.15504807692307693 0.6081730769230769 0.07451923076923077 0.1466346153846154
3 0.4519230769230769 0.75 0.057692307692307696 0.11298076923076923
3 0.25721153846153844 0.5120192307692307 0.04807692307692308 0.10336538461538461
3 0.25600961538461536 0.6225961538461539 0.06009615384615385 0.11057692307692307
3 0.2692307692307692 0.4074519230769231 0.04807692307692308 0.11057692307692307
3 0.4387019230769231 0.2920673076923077 0.04567307692307692 0.10096153846153846
3 0.43028846153846156 0.12379807692307693 0.04567307692307692 0.10096153846153846
3 0.27524038461538464 0.20793269230769232 0.04567307692307692 0.10817307692307693
3 0.2800480769230769 0.046875 0.05048076923076923 0.09375