1 0.12259615384615384 0.3954326923076923 0.07932692307692307 0.21634615384615385
5 0.15985576923076922 0.06490384615384616 0.0625 0.12980769230769232
0 0.14903846153846154 0.12620192307692307 0.0625 0.15625
0 0.1045673076923077 0.6706730769230769 0.07692307692307693 0.15144230769230768
2 0.125 0.5444711538461539 0.06490384615384616 0.14903846153846154
2 0.32091346153846156 0.3137019230769231 0.057692307692307696 0.13942307692307693
4 0.31490384615384615 0.125 0.0673076923076923 0.18509615384615385
3 0.3894230769230769 0.05889423076923077 0.052884615384615384 0.11538461538461539
3 0.3918269230769231 0.2283653846153846 0.052884615384615384 0.11057692307692307
3 0.24158653846153846 0.14302884615384615 0.052884615384615384 0.11538461538461539
3 0.22716346153846154 0.32572115384615385 0.052884615384615384 0.11538461538461539
3 0.2283653846153846 0.4326923076923077 0.06009615384615385 0.11538461538461539
3 0.2127403846153846 0.6706730769230769 0.0673076923076923 0.1201923076923077
4 0.5012019230769231 0.4110576923076923 0.0673076923076923 0.1971153846153846
0 0.33052884615384615 0.5408653846153846 0.06490384615384616 0.15625
2 0.5793269230769231 0.3233173076923077 0.0625 0.15144230769230768
2 0.6237980769230769 0.6574519230769231 0.06971153846153846 0.17307692307692307
1 0.7668269230769231 0.27884615384615385 0.08173076923076923 0.20673076923076922
0 0.6382211538461539 0.06610576923076923 0.057692307692307696 0.13221153846153846
5 0.7247596153846154 0.06370192307692307 0.057692307692307696 0.125
5 0.8028846153846154 0.5384615384615384 0.07211538461538461 0.15144230769230768
3 0.7355769230769231 0.7956730769230769 0.0625 0.1201923076923077
3 0.6730769230769231 0.3329326923076923 0.052884615384615384 0.11057692307692307
3 0.5612980769230769 0.15384615384615385 0.052884615384615384 0.11778846153846154
3 0.49399038461538464 0.24519230769230768 0.04807692307692308 0.11298076923076923
3 0.5925480769230769 0.5336538461538461 0.055288461538461536 0.1201923076923077
3 0.5228365384615384 0.671875 0.055288461538461536 0.125