1 0.12139423076923077 0.4206730769230769 0.0985576923076923 0.22115384615384615
5 0.12980769230769232 0.09375 0.07211538461538461 0.12980769230769232
0 0.125 0.15144230769230768 0.07692307692307693 0.16105769230769232
0 0.12740384615384615 0.6947115384615384 0.09134615384615384 0.15625
2 0.13701923076923078 0.5685096153846154 0.07692307692307693 0.15144230769230768
2 0.3125 0.32211538461538464 0.0673076923076923 0.14423076923076922
4 0.28966346153846156 0.1346153846153846 0.08413461538461539 0.18990384615384615
3 0.35697115384615385 0.06610576923076923 0.06009615384615385 0.11538461538461539
3 0.3737980769230769 0.23197115384615385 0.0625 0.11538461538461539
3 0.21634615384615385 0.15985576923076922 0.06009615384615385 0.11778846153846154
3 0.21995192307692307 0.3425480769230769 0.0625 0.11778846153846154
3 0.22956730769230768 0.44711538461538464 0.06971153846153846 0.1201923076923077
3 0.23557692307692307 0.6862980769230769 0.07692307692307693 0.125
4 0.49759615384615385 0.40384615384615385 0.08173076923076923 0.20192307692307693
0 0.34134615384615385 0.546875 0.07692307692307693 0.16105769230769232
2 0.5673076923076923 0.3076923076923077 0.07692307692307693 0.15625
2 0.640625 0.6358173076923077 0.08413461538461539 0.1778846153846154
1 0.75 0.25 0.10096153846153846 0.21394230769230768
0 0.6045673076923077 0.05889423076923077 0.06971153846153846 0.11778846153846154
5 0.6899038461538461 0.052884615384615384 0.07211538461538461 0.10576923076923077
5 0.8076923076923077 0.5036057692307693 0.08413461538461539 0.15625
3 0.7632211538461539 0.7644230769230769 0.07451923076923077 0.125
3 0.6622596153846154 0.31009615384615385 0.0625 0.11538461538461539
3 0.5348557692307693 0.14302884615384615 0.0625 0.12259615384615384
3 0.47716346153846156 0.23918269230769232 0.06009615384615385 0.11778846153846154
3 0.5997596153846154 0.5168269230769231 0.06490384615384616 0.125
3 0.5432692307692307 0.6598557692307693 0.06490384615384616 0.12980769230769232