1 0.15264423076923078 0.4230769230769231 0.08653846153846154 0.2091346153846154
5 0.171875 0.1045673076923077 0.06490384615384616 0.12980769230769232
0 0.16466346153846154 0.16466346153846154 0.0673076923076923 0.15144230769230768
0 0.1502403846153846 0.6850961538461539 0.08173076923076923 0.14903846153846154
2 0.1622596153846154 0.5649038461538461 0.06971153846153846 0.14423076923076922
2 0.3389423076923077 0.33533653846153844 0.06009615384615385 0.13701923076923078
4 0.3233173076923077 0.15504807692307693 0.07451923076923077 0.18028846153846154
3 0.390625 0.0889423076923077 0.055288461538461536 0.11298076923076923
3 0.4014423076923077 0.2512019230769231 0.055288461538461536 0.11057692307692307
3 0.2536057692307692 0.17668269230769232 0.055288461538461536 0.11298076923076923
3 0.25 0.35216346153846156 0.055288461538461536 0.11057692307692307
3 0.25600961538461536 0.453125 0.0625 0.11298076923076923
3 0.2536057692307692 0.6814903846153846 0.06971153846153846 0.11778846153846154
4 0.5132211538461539 0.4182692307692308 0.07211538461538461 0.18990384615384615
0 0.359375 0.5516826923076923 0.06971153846153846 0.15144230769230768
2 0.5853365384615384 0.33052884615384615 0.06971153846153846 0.1466346153846154
2 0.6442307692307693 0.6466346153846154 0.07451923076923077 0.16826923076923078
1 0.7608173076923077 0.2800480769230769 0.0889423076923077 0.20192307692307693
0 0.6274038461538461 0.07572115384615384 0.06009615384615385 0.14182692307692307
5 0.7103365384615384 0.07211538461538461 0.0625 0.12980769230769232
5 0.8076923076923077 0.5252403846153846 0.07692307692307693 0.1466346153846154
3 0.7560096153846154 0.7728365384615384 0.0673076923076923 0.11778846153846154
3 0.6742788461538461 0.33533653846153844 0.055288461538461536 0.11057692307692307
3 0.5588942307692307 0.17067307692307693 0.055288461538461536 0.11538461538461539
3 0.5 0.2608173076923077 0.052884615384615384 0.11057692307692307
3 0.6069711538461539 0.5300480769230769 0.057692307692307696 0.11778846153846154
3 0.5480769230769231 0.6670673076923077 0.06009615384615385 0.12259615384615384