5 0.8509615384615384 0.7956730769230769 0.07932692307692307 0.13942307692307693
5 0.7560096153846154 0.0673076923076923 0.06009615384615385 0.11298076923076923
4 0.7151442307692307 0.40865384615384615 0.07211538461538461 0.17548076923076922
1 0.7872596153846154 0.2932692307692308 0.08653846153846154 0.20192307692307693
2 0.8245192307692307 0.546875 0.07692307692307693 0.13942307692307693
2 0.6165865384615384 0.33052884615384615 0.06490384615384616 0.13942307692307693
0 0.7608173076923077 0.14543269230769232 0.0625 0.14182692307692307
0 0.5264423076923077 0.31850961538461536 0.055288461538461536 0.14182692307692307
3 0.7415865384615384 0.7944711538461539 0.06490384615384616 0.11778846153846154
3 0.6947115384615384 0.33774038461538464 0.05048076923076923 0.10817307692307693
3 0.5901442307692307 0.15985576923076922 0.05048076923076923 0.11298076923076923
3 0.5228365384615384 0.0673076923076923 0.04567307692307692 0.10576923076923077
3 0.5216346153846154 0.24759615384615385 0.04807692307692308 0.10817307692307693
3 0.5348557692307693 0.4375 0.05048076923076923 0.11057692307692307
3 0.6009615384615384 0.5420673076923077 0.052884615384615384 0.11538461538461539
3 0.5384615384615384 0.6658653846153846 0.057692307692307696 0.125
1 0.15745192307692307 0.38100961538461536 0.08413461538461539 0.20192307692307693
2 0.35336538461538464 0.3125 0.06490384615384616 0.14182692307692307
2 0.14903846153846154 0.5276442307692307 0.07451923076923077 0.13701923076923078
5 0.3329326923076923 0.7728365384615384 0.07211538461538461 0.1466346153846154
5 0.20432692307692307 0.06129807692307692 0.057692307692307696 0.12259615384615384
0 0.18990384615384615 0.12139423076923077 0.0625 0.14903846153846154
0 0.12740384615384615 0.6490384615384616 0.06971153846153846 0.1466346153846154
4 0.27884615384615385 0.19471153846153846 0.07451923076923077 0.17067307692307693
3 0.27884615384615385 0.140625 0.04567307692307692 0.11057692307692307
3 0.25961538461538464 0.31490384615384615 0.05048076923076923 0.10817307692307693
3 0.4266826923076923 0.06009615384615385 0.04807692307692308 0.10817307692307693
3 0.4230769230769231 0.22716346153846154 0.052884615384615384 0.11298076923076923
3 0.2548076923076923 0.41947115384615385 0.055288461538461536 0.10817307692307693
3 0.23317307692307693 0.65625 0.057692307692307696 0.11298076923076923
3 0.4362980769230769 0.7872596153846154 0.06009615384615385 0.1201923076923077
3 0.4266826923076923 0.5504807692307693 0.055288461538461536 0.11538461538461539