5 0.8605769230769231 0.8245192307692307 0.08173076923076923 0.14423076923076922
5 0.7620192307692307 0.07572115384615384 0.06009615384615385 0.11778846153846154
4 0.7211538461538461 0.4266826923076923 0.07451923076923077 0.18028846153846154
1 0.7956730769230769 0.3076923076923077 0.0889423076923077 0.20673076923076922
2 0.8329326923076923 0.5697115384615384 0.07932692307692307 0.14182692307692307
2 0.6189903846153846 0.34615384615384615 0.0673076923076923 0.14423076923076922
0 0.7692307692307693 0.15625 0.06490384615384616 0.14423076923076922
0 0.5276442307692307 0.3329326923076923 0.055288461538461536 0.1466346153846154
3 0.7475961538461539 0.8233173076923077 0.06490384615384616 0.12259615384615384
3 0.6983173076923077 0.35216346153846156 0.05048076923076923 0.11057692307692307
3 0.5925480769230769 0.171875 0.05048076923076923 0.11778846153846154
3 0.5228365384615384 0.07451923076923077 0.04807692307692308 0.10817307692307693
3 0.5216346153846154 0.2608173076923077 0.04807692307692308 0.11057692307692307
3 0.5360576923076923 0.45552884615384615 0.052884615384615384 0.11298076923076923
3 0.6033653846153846 0.5637019230769231 0.052884615384615384 0.1201923076923077
3 0.5384615384615384 0.6911057692307693 0.057692307692307696 0.12980769230769232
1 0.14783653846153846 0.39783653846153844 0.08413461538461539 0.2091346153846154
2 0.34975961538461536 0.3269230769230769 0.0673076923076923 0.14423076923076922
2 0.13822115384615385 0.5480769230769231 0.07692307692307693 0.14423076923076922
5 0.328125 0.8004807692307693 0.07451923076923077 0.14903846153846154
5 0.19591346153846154 0.06610576923076923 0.057692307692307696 0.12980769230769232
0 0.18028846153846154 0.1310096153846154 0.0625 0.15384615384615385
0 0.11778846153846154 0.6730769230769231 0.06971153846153846 0.15144230769230768
4 0.27163461538461536 0.20673076923076922 0.07692307692307693 0.17548076923076922
3 0.27283653846153844 0.1502403846153846 0.04807692307692308 0.11298076923076923
3 0.2536057692307692 0.33052884615384615 0.05048076923076923 0.11057692307692307
3 0.42427884615384615 0.06850961538461539 0.05048076923076923 0.11298076923076923
3 0.421875 0.23918269230769232 0.052884615384615384 0.11538461538461539
3 0.24879807692307693 0.4375 0.057692307692307696 0.11057692307692307
3 0.22716346153846154 0.6802884615384616 0.06009615384615385 0.11778846153846154
3 0.4338942307692308 0.8149038461538461 0.0625 0.125
3 0.4230769230769231 0.5721153846153846 0.057692307692307696 0.1201923076923077