5 0.9158653846153846 0.7716346153846154 0.07692307692307693 0.14423076923076922
5 0.7896634615384616 0.037259615384615384 0.057692307692307696 0.07211538461538461
4 0.7596153846153846 0.37259615384615385 0.0673076923076923 0.18269230769230768
1 0.8317307692307693 0.24879807692307693 0.08413461538461539 0.20673076923076922
2 0.8786057692307693 0.5132211538461539 0.07692307692307693 0.14182692307692307
2 0.6526442307692307 0.29447115384615385 0.0625 0.14423076923076922
0 0.7992788461538461 0.09495192307692307 0.057692307692307696 0.14423076923076922
0 0.5588942307692307 0.28365384615384615 0.05048076923076923 0.1466346153846154
3 0.8004807692307693 0.7752403846153846 0.0625 0.12259615384615384
3 0.7355769230769231 0.296875 0.04807692307692308 0.11057692307692307
3 0.6201923076923077 0.11778846153846154 0.04807692307692308 0.11778846153846154
3 0.5456730769230769 0.038461538461538464 0.04567307692307692 0.07692307692307693
3 0.5516826923076923 0.21033653846153846 0.04567307692307692 0.11057692307692307
3 0.5721153846153846 0.40865384615384615 0.04807692307692308 0.11298076923076923
3 0.6454326923076923 0.515625 0.05048076923076923 0.1201923076923077
3 0.5853365384615384 0.6478365384615384 0.055288461538461536 0.12980769230769232
1 0.17668269230769232 0.3629807692307692 0.07932692307692307 0.2091346153846154
2 0.3786057692307692 0.28365384615384615 0.0625 0.1466346153846154
2 0.171875 0.5168269230769231 0.07211538461538461 0.14423076923076922
5 0.3737980769230769 0.7668269230769231 0.07211538461538461 0.15144230769230768
5 0.21394230769230768 0.04447115384615385 0.052884615384615384 0.0889423076923077
0 0.19951923076923078 0.09014423076923077 0.057692307692307696 0.15384615384615385
0 0.15504807692307693 0.6454326923076923 0.0673076923076923 0.15144230769230768
4 0.2956730769230769 0.16466346153846154 0.07211538461538461 0.1778846153846154
3 0.29447115384615385 0.10697115384615384 0.04326923076923077 0.11298076923076923
3 0.28125 0.28966346153846156 0.04807692307692308 0.11057692307692307
3 0.44591346153846156 0.037259615384615384 0.04807692307692308 0.07451923076923077
3 0.4483173076923077 0.19230769230769232 0.05048076923076923 0.11538461538461539
3 0.27884615384615385 0.40024038461538464 0.052884615384615384 0.11057692307692307
3 0.265625 0.6478365384615384 0.057692307692307696 0.11778846153846154
3 0.48197115384615385 0.7776442307692307 0.057692307692307696 0.125
3 0.46274038461538464 0.53125 0.052884615384615384 0.1201923076923077