1 0.7908653846153846 0.3269230769230769 0.10576923076923077 0.22596153846153846
5 0.6153846153846154 0.09495192307692307 0.07211538461538461 0.13942307692307693
0 0.5396634615384616 0.234375 0.08413461538461539 0.16346153846153846
3 0.7007211538461539 0.3629807692307692 0.06490384615384616 0.12259615384615384
3 0.6057692307692307 0.5528846153846154 0.07211538461538461 0.12740384615384615
3 0.5288461538461539 0.6682692307692307 0.07211538461538461 0.1346153846153846
3 0.4543269230769231 0.17427884615384615 0.06971153846153846 0.125
2 0.3581730769230769 0.4230769230769231 0.0889423076923077 0.16105769230769232
2 0.22956730769230768 0.6129807692307693 0.09134615384615384 0.16826923076923078
2 0.20552884615384615 0.7584134615384616 0.09375 0.16105769230769232
5 0.24158653846153846 0.06490384615384616 0.07932692307692307 0.12980769230769232
4 0.38461538461538464 0.13221153846153846 0.08413461538461539 0.18509615384615385
1 0.1875 0.2704326923076923 0.10576923076923077 0.21153846153846154
0 0.4495192307692308 0.421875 0.07932692307692307 0.16346153846153846
3 0.3701923076923077 0.3125 0.06490384615384616 0.1201923076923077
3 0.3112980769230769 0.14423076923076922 0.0673076923076923 0.11538461538461539
3 0.2800480769230769 0.3125 0.07211538461538461 0.12740384615384615
3 0.3485576923076923 0.5480769230769231 0.08173076923076923 0.13221153846153846