1 0.7728365384615384 0.2668269230769231 0.09134615384615384 0.22596153846153846
5 0.5612980769230769 0.06129807692307692 0.06490384615384616 0.12259615384615384
0 0.5012019230769231 0.20432692307692307 0.07451923076923077 0.16346153846153846
3 0.6826923076923077 0.31490384615384615 0.057692307692307696 0.1201923076923077
3 0.6081730769230769 0.5240384615384616 0.0625 0.12740384615384615
3 0.5444711538461539 0.6514423076923077 0.0625 0.1346153846153846
3 0.4050480769230769 0.15144230769230768 0.0625 0.125
2 0.33774038461538464 0.4206730769230769 0.07692307692307693 0.16105769230769232
2 0.22956730769230768 0.6322115384615384 0.08173076923076923 0.17067307692307693
2 0.22355769230769232 0.7848557692307693 0.08173076923076923 0.16105769230769232
5 0.17307692307692307 0.06850961538461539 0.06971153846153846 0.125
4 0.328125 0.11778846153846154 0.07211538461538461 0.1875
1 0.14302884615384615 0.2860576923076923 0.09375 0.21394230769230768
0 0.43149038461538464 0.40865384615384615 0.0673076923076923 0.1658653846153846
3 0.33533653846153844 0.30528846153846156 0.055288461538461536 0.11778846153846154
3 0.2548076923076923 0.140625 0.06009615384615385 0.11538461538461539
3 0.2439903846153846 0.3173076923076923 0.0625 0.125
3 0.34375 0.5504807692307693 0.07211538461538461 0.13221153846153846