1 0.7427884615384616 0.25240384615384615 0.10576923076923077 0.23557692307692307
5 0.5168269230769231 0.05889423076923077 0.07211538461538461 0.11778846153846154
0 0.4639423076923077 0.203125 0.08413461538461539 0.17067307692307693
3 0.6538461538461539 0.3076923076923077 0.0673076923076923 0.12740384615384615
3 0.5913461538461539 0.5240384615384616 0.07211538461538461 0.1346153846153846
3 0.53125 0.6574519230769231 0.07211538461538461 0.14182692307692307
3 0.3629807692307692 0.15504807692307693 0.06971153846153846 0.13221153846153846
2 0.3076923076923077 0.4338942307692308 0.08653846153846154 0.16826923076923078
2 0.2091346153846154 0.6550480769230769 0.09134615384615384 0.1778846153846154
2 0.21033653846153846 0.8100961538461539 0.09375 0.16826923076923078
5 0.1201923076923077 0.08533653846153846 0.07692307692307693 0.12259615384615384
4 0.28365384615384615 0.125 0.08173076923076923 0.19471153846153846
1 0.10216346153846154 0.30528846153846156 0.10576923076923077 0.22115384615384615
0 0.4026442307692308 0.41466346153846156 0.07692307692307693 0.17307692307692307
3 0.3004807692307692 0.3161057692307692 0.0625 0.12259615384615384
3 0.20793269230769232 0.1502403846153846 0.0673076923076923 0.1201923076923077
3 0.20673076923076922 0.3329326923076923 0.07211538461538461 0.13221153846153846
3 0.32091346153846156 0.5649038461538461 0.08173076923076923 0.13701923076923078