2 0.6081730769230769 0.08774038461538461 0.057692307692307696 0.1346153846153846
2 0.4567307692307692 0.3641826923076923 0.06009615384615385 0.14903846153846154
0 0.7439903846153846 0.5925480769230769 0.06971153846153846 0.14182692307692307
0 0.7872596153846154 0.17668269230769232 0.06009615384615385 0.14423076923076922
1 0.8245192307692307 0.3329326923076923 0.08173076923076923 0.21153846153846154
5 0.8810096153846154 0.7151442307692307 0.08173076923076923 0.15384615384615385
5 0.6057692307692307 0.038461538461538464 0.057692307692307696 0.07692307692307693
4 0.6201923076923077 0.25600961538461536 0.0625 0.17548076923076922
3 0.6862980769230769 0.09735576923076923 0.04807692307692308 0.10096153846153846
3 0.7007211538461539 0.18990384615384615 0.05048076923076923 0.10576923076923077
3 0.7403846153846154 0.4807692307692308 0.057692307692307696 0.10576923076923077
3 0.7283653846153846 0.36899038461538464 0.05048076923076923 0.10576923076923077
3 0.6454326923076923 0.5985576923076923 0.057692307692307696 0.1201923076923077
3 0.6766826923076923 0.7283653846153846 0.055288461538461536 0.1201923076923077
3 0.5336538461538461 0.036057692307692304 0.052884615384615384 0.07211538461538461
3 0.5336538461538461 0.26802884615384615 0.04807692307692308 0.10336538461538461
0 0.36658653846153844 0.03485576923076923 0.055288461538461536 0.06490384615384616
1 0.17307692307692307 0.34134615384615385 0.08173076923076923 0.2091346153846154
0 0.15865384615384615 0.46875 0.0673076923076923 0.14182692307692307
4 0.18629807692307693 0.25 0.07692307692307693 0.18509615384615385
5 0.265625 0.7367788461538461 0.07211538461538461 0.14903846153846154
5 0.20552884615384615 0.038461538461538464 0.06009615384615385 0.0673076923076923
2 0.16826923076923078 0.5853365384615384 0.07692307692307693 0.15384615384615385
2 0.3701923076923077 0.16105769230769232 0.055288461538461536 0.13701923076923078
3 0.4495192307692308 0.2704326923076923 0.05048076923076923 0.10817307692307693
3 0.4375 0.0985576923076923 0.052884615384615384 0.11057692307692307
3 0.2848557692307692 0.037259615384615384 0.04807692307692308 0.0673076923076923
3 0.2848557692307692 0.1875 0.04807692307692308 0.10817307692307693
3 0.2800480769230769 0.38341346153846156 0.055288461538461536 0.10576923076923077
3 0.27283653846153844 0.4951923076923077 0.055288461538461536 0.10336538461538461
3 0.27283653846153844 0.6009615384615384 0.055288461538461536 0.11057692307692307
3 0.46875 0.7211538461538461 0.057692307692307696 0.11057692307692307