2 0.625 0.12259615384615384 0.057692307692307696 0.1346153846153846
2 0.4651442307692308 0.3918269230769231 0.06009615384615385 0.14903846153846154
0 0.7439903846153846 0.6334134615384616 0.06971153846153846 0.14182692307692307
0 0.8016826923076923 0.21634615384615385 0.06009615384615385 0.14423076923076922
1 0.8329326923076923 0.375 0.08173076923076923 0.21153846153846154
5 0.8762019230769231 0.7596153846153846 0.08173076923076923 0.15384615384615385
5 0.6237980769230769 0.056490384615384616 0.055288461538461536 0.10817307692307693
4 0.6334134615384616 0.29086538461538464 0.0625 0.17548076923076922
3 0.703125 0.13581730769230768 0.04807692307692308 0.10096153846153846
3 0.7139423076923077 0.22716346153846154 0.05048076923076923 0.10576923076923077
3 0.7439903846153846 0.5192307692307693 0.057692307692307696 0.10576923076923077
3 0.7355769230769231 0.4074519230769231 0.05048076923076923 0.10576923076923077
3 0.6454326923076923 0.6346153846153846 0.057692307692307696 0.1201923076923077
3 0.671875 0.765625 0.055288461538461536 0.1201923076923077
3 0.5516826923076923 0.051682692307692304 0.04807692307692308 0.10096153846153846
3 0.5444711538461539 0.3004807692307692 0.04807692307692308 0.10336538461538461
0 0.3894230769230769 0.04807692307692308 0.0625 0.09615384615384616
1 0.1814903846153846 0.359375 0.08173076923076923 0.2091346153846154
0 0.1622596153846154 0.48677884615384615 0.0673076923076923 0.14182692307692307
4 0.19831730769230768 0.2692307692307692 0.07692307692307693 0.18509615384615385
5 0.2608173076923077 0.7596153846153846 0.07211538461538461 0.14903846153846154
5 0.22716346153846154 0.046875 0.06490384615384616 0.09375
2 0.16947115384615385 0.6033653846153846 0.07692307692307693 0.15384615384615385
2 0.3858173076923077 0.18629807692307693 0.055288461538461536 0.13701923076923078
3 0.46033653846153844 0.2980769230769231 0.05048076923076923 0.10817307692307693
3 0.4543269230769231 0.12620192307692307 0.052884615384615384 0.11057692307692307
3 0.30649038461538464 0.046875 0.05048076923076923 0.09375
3 0.29927884615384615 0.21033653846153846 0.04807692307692308 0.10817307692307693
3 0.28725961538461536 0.4074519230769231 0.055288461538461536 0.10576923076923077
3 0.2764423076923077 0.5180288461538461 0.055288461538461536 0.10336538461538461
3 0.27283653846153844 0.6237980769230769 0.055288461538461536 0.11057692307692307
3 0.4639423076923077 0.7512019230769231 0.057692307692307696 0.11057692307692307