2 0.5564903846153846 0.125 0.06971153846153846 0.1346153846153846
2 0.4338942307692308 0.4014423076923077 0.06971153846153846 0.14903846153846154
0 0.7295673076923077 0.5997596153846154 0.07692307692307693 0.14182692307692307
0 0.7367788461538461 0.19471153846153846 0.06971153846153846 0.14423076923076922
1 0.7848557692307693 0.34375 0.09615384615384616 0.2091346153846154
5 0.8713942307692307 0.7055288461538461 0.09134615384615384 0.15384615384615385
5 0.546875 0.057692307692307696 0.06490384615384616 0.11538461538461539
4 0.5829326923076923 0.2860576923076923 0.07451923076923077 0.17548076923076922
3 0.6310096153846154 0.12860576923076922 0.055288461538461536 0.10096153846153846
3 0.6526442307692307 0.21514423076923078 0.055288461538461536 0.10576923076923077
3 0.7151442307692307 0.49038461538461536 0.06490384615384616 0.10576923076923077
3 0.6959134615384616 0.38461538461538464 0.057692307692307696 0.10576923076923077
3 0.6358173076923077 0.6129807692307693 0.06490384615384616 0.1201923076923077
3 0.6754807692307693 0.734375 0.0625 0.1201923076923077
3 0.47716346153846156 0.06490384615384616 0.052884615384615384 0.10096153846153846
3 0.4987980769230769 0.30408653846153844 0.052884615384615384 0.10336538461538461
0 0.31850961538461536 0.07091346153846154 0.06490384615384616 0.11298076923076923
1 0.15865384615384615 0.4050480769230769 0.09375 0.20673076923076922
0 0.15625 0.5288461538461539 0.07451923076923077 0.14182692307692307
4 0.1658653846153846 0.3161057692307692 0.09134615384615384 0.18269230769230768
5 0.2824519230769231 0.7776442307692307 0.08173076923076923 0.14903846153846154
5 0.16346153846153846 0.08774038461538461 0.06971153846153846 0.11538461538461539
2 0.17668269230769232 0.6394230769230769 0.08653846153846154 0.15144230769230768
2 0.3329326923076923 0.21514423076923078 0.06490384615384616 0.13701923076923078
3 0.4182692307692308 0.3137019230769231 0.057692307692307696 0.10817307692307693
3 0.39302884615384615 0.1502403846153846 0.06009615384615385 0.11057692307692307
3 0.23918269230769232 0.08052884615384616 0.055288461538461536 0.11298076923076923
3 0.2548076923076923 0.24759615384615385 0.055288461538461536 0.10817307692307693
3 0.2668269230769231 0.4375 0.0625 0.10576923076923077
3 0.2692307692307692 0.5444711538461539 0.0625 0.10336538461538461
3 0.2776442307692308 0.6466346153846154 0.06490384615384616 0.11298076923076923
3 0.47596153846153844 0.7451923076923077 0.06490384615384616 0.11298076923076923