5 0.1778846153846154 0.06971153846153846 0.07211538461538461 0.12980769230769232
5 0.1778846153846154 0.06971153846153846 0.07211538461538461 0.12980769230769232
1 0.14423076923076922 0.39783653846153844 0.09134615384615384 0.23076923076923078
4 0.3317307692307692 0.1310096153846154 0.06971153846153846 0.1875
0 0.16466346153846154 0.13581730769230768 0.0625 0.15384615384615385
0 0.34375 0.4206730769230769 0.06971153846153846 0.15384615384615385
2 0.21514423076923078 0.7908653846153846 0.08653846153846154 0.17307692307692307
3 0.25600961538461536 0.15264423076923078 0.04807692307692308 0.125
3 0.24158653846153846 0.33052884615384615 0.057692307692307696 0.11298076923076923
3 0.2403846153846154 0.43028846153846156 0.057692307692307696 0.125
3 0.3425480769230769 0.5612980769230769 0.0625 0.125
1 0.7692307692307693 0.2932692307692308 0.08653846153846154 0.22115384615384615
2 0.42908653846153844 0.7860576923076923 0.07692307692307693 0.1658653846153846
0 0.5925480769230769 0.14423076923076922 0.052884615384615384 0.14423076923076922
2 0.42788461538461536 0.234375 0.06490384615384616 0.14423076923076922
5 0.5637019230769231 0.06610576923076923 0.057692307692307696 0.13221153846153846
5 0.49399038461538464 0.1466346153846154 0.0625 0.1346153846153846
3 0.4050480769230769 0.1658653846153846 0.04807692307692308 0.11057692307692307
3 0.7427884615384616 0.7860576923076923 0.0673076923076923 0.12259615384615384
3 0.6802884615384616 0.33533653846153844 0.052884615384615384 0.11057692307692307
3 0.5997596153846154 0.5372596153846154 0.055288461538461536 0.11778846153846154
3 0.5348557692307693 0.6658653846153846 0.057692307692307696 0.1201923076923077