5 0.17427884615384615 0.09134615384615384 0.07692307692307693 0.13221153846153846
5 0.17427884615384615 0.09134615384615384 0.07692307692307693 0.13221153846153846
1 0.15745192307692307 0.4170673076923077 0.10096153846153846 0.23317307692307693
4 0.328125 0.14423076923076922 0.07932692307692307 0.18990384615384615
0 0.16346153846153846 0.15745192307692307 0.06971153846153846 0.15384615384615385
0 0.3545673076923077 0.42908653846153844 0.07692307692307693 0.15625
2 0.24639423076923078 0.8016826923076923 0.09375 0.1778846153846154
3 0.2536057692307692 0.16826923076923078 0.055288461538461536 0.125
3 0.24879807692307693 0.34615384615384615 0.0625 0.11538461538461539
3 0.25240384615384615 0.44591346153846156 0.06490384615384616 0.12740384615384615
3 0.36177884615384615 0.5685096153846154 0.06971153846153846 0.125
1 0.7704326923076923 0.28125 0.0985576923076923 0.22115384615384615
2 0.4579326923076923 0.7860576923076923 0.08653846153846154 0.16826923076923078
0 0.5877403846153846 0.14423076923076922 0.06009615384615385 0.1466346153846154
2 0.42908653846153844 0.2403846153846154 0.07211538461538461 0.14423076923076922
5 0.5540865384615384 0.0673076923076923 0.0625 0.1346153846153846
5 0.4891826923076923 0.15144230769230768 0.0673076923076923 0.13701923076923078
3 0.40384615384615385 0.17548076923076922 0.052884615384615384 0.11298076923076923
3 0.7680288461538461 0.7704326923076923 0.07451923076923077 0.125
3 0.6838942307692307 0.328125 0.057692307692307696 0.11298076923076923
3 0.6141826923076923 0.53125 0.06009615384615385 0.1201923076923077
3 0.5576923076923077 0.6622596153846154 0.06490384615384616 0.12259615384615384