5 0.21394230769230768 0.057692307692307696 0.08653846153846154 0.11538461538461539
5 0.21394230769230768 0.057692307692307696 0.08653846153846154 0.11538461538461539
1 0.14903846153846154 0.37259615384615385 0.11298076923076923 0.2403846153846154
4 0.36177884615384615 0.11899038461538461 0.08653846153846154 0.1971153846153846
0 0.19230769230769232 0.109375 0.07692307692307693 0.16105769230769232
0 0.3485576923076923 0.41346153846153844 0.08413461538461539 0.16346153846153846
2 0.18509615384615385 0.7776442307692307 0.10336538461538461 0.18509615384615385
3 0.28365384615384615 0.13341346153846154 0.06009615384615385 0.13221153846153846
3 0.2536057692307692 0.3125 0.0673076923076923 0.1201923076923077
3 0.24278846153846154 0.41466346153846156 0.07211538461538461 0.13221153846153846
3 0.33533653846153844 0.5552884615384616 0.07451923076923077 0.12980769230769232
1 0.7920673076923077 0.32211538461538464 0.10817307692307693 0.23076923076923078
2 0.40384615384615385 0.7920673076923077 0.09375 0.17548076923076922
0 0.625 0.15625 0.06490384615384616 0.15144230769230768
2 0.45072115384615385 0.23197115384615385 0.07932692307692307 0.15144230769230768
5 0.6033653846153846 0.07451923076923077 0.0673076923076923 0.13701923076923078
5 0.5240384615384616 0.1502403846153846 0.07451923076923077 0.14423076923076922
3 0.4338942307692308 0.16105769230769232 0.06009615384615385 0.11778846153846154
3 0.7211538461538461 0.8185096153846154 0.07932692307692307 0.12980769230769232
3 0.6983173076923077 0.35697115384615385 0.0625 0.11778846153846154
3 0.5985576923076923 0.5540865384615384 0.0673076923076923 0.125
3 0.5216346153846154 0.6778846153846154 0.06971153846153846 0.12740384615384615