1 0.1814903846153846 0.35096153846153844 0.07211538461538461 0.19951923076923078
1 0.8016826923076923 0.37740384615384615 0.07932692307692307 0.19471153846153846
4 0.19951923076923078 0.26322115384615385 0.06971153846153846 0.17548076923076922
4 0.7980769230769231 0.30528846153846156 0.07692307692307693 0.1658653846153846
2 0.16466346153846154 0.5889423076923077 0.07451923076923077 0.13942307692307693
2 0.4519230769230769 0.38822115384615385 0.06009615384615385 0.13701923076923078
2 0.6081730769230769 0.12860576923076922 0.052884615384615384 0.13701923076923078
0 0.16105769230769232 0.47716346153846156 0.0625 0.13701923076923078
2 0.38100961538461536 0.18629807692307693 0.052884615384615384 0.13701923076923078
5 0.24879807692307693 0.7355769230769231 0.06490384615384616 0.1346153846153846
0 0.20552884615384615 0.1875 0.055288461538461536 0.1346153846153846
0 0.7668269230769231 0.21634615384615385 0.05048076923076923 0.1346153846153846
0 0.7127403846153846 0.6201923076923077 0.0625 0.1346153846153846
0 0.8413461538461539 0.7463942307692307 0.07451923076923077 0.12740384615384615
0 0.7644230769230769 0.06610576923076923 0.052884615384615384 0.11057692307692307
3 0.44591346153846156 0.7403846153846154 0.055288461538461536 0.11057692307692307
3 0.6213942307692307 0.6189903846153846 0.055288461538461536 0.11057692307692307
3 0.6430288461538461 0.7463942307692307 0.055288461538461536 0.10817307692307693
3 0.2644230769230769 0.5060096153846154 0.0625 0.10576923076923077
5 0.22596153846153846 0.04567307692307692 0.052884615384615384 0.09134615384615384
3 0.2608173076923077 0.6081730769230769 0.0625 0.10576923076923077
3 0.27884615384615385 0.39903846153846156 0.0625 0.10336538461538461
3 0.30528846153846156 0.04927884615384615 0.04807692307692308 0.0985576923076923
3 0.29447115384615385 0.21033653846153846 0.05048076923076923 0.10336538461538461
3 0.7151442307692307 0.5144230769230769 0.052884615384615384 0.10336538461538461
3 0.5288461538461539 0.2956730769230769 0.04807692307692308 0.10096153846153846
3 0.6935096153846154 0.2283653846153846 0.04567307692307692 0.10096153846153846
3 0.44711538461538464 0.13221153846153846 0.04567307692307692 0.10096153846153846
3 0.2860576923076923 0.2980769230769231 0.05048076923076923 0.0985576923076923
3 0.6850961538461539 0.1466346153846154 0.04567307692307692 0.09615384615384616
3 0.6814903846153846 0.06129807692307692 0.04326923076923077 0.09375
3 0.7103365384615384 0.40625 0.052884615384615384 0.10817307692307693