1 0.125 0.37740384615384615 0.0889423076923077 0.21394230769230768
1 0.78125 0.3245192307692308 0.09375 0.2091346153846154
4 0.13221153846153846 0.2824519230769231 0.08413461538461539 0.1875
4 0.7692307692307693 0.24879807692307693 0.0889423076923077 0.18028846153846154
2 0.13822115384615385 0.6322115384615384 0.0889423076923077 0.15144230769230768
2 0.41466346153846156 0.38100961538461536 0.07211538461538461 0.14903846153846154
2 0.5456730769230769 0.08774038461538461 0.0625 0.14903846153846154
0 0.12139423076923077 0.5132211538461539 0.07451923076923077 0.1466346153846154
2 0.3137019230769231 0.1778846153846154 0.06490384615384616 0.1466346153846154
5 0.24639423076923078 0.7728365384615384 0.07692307692307693 0.1466346153846154
0 0.12860576923076922 0.203125 0.0673076923076923 0.14423076923076922
0 0.7259615384615384 0.16105769230769232 0.0625 0.14423076923076922
0 0.71875 0.5913461538461539 0.07211538461538461 0.14423076923076922
0 0.8701923076923077 0.7079326923076923 0.08653846153846154 0.13942307692307693
0 0.7055288461538461 0.03365384615384615 0.06009615384615385 0.0673076923076923
3 0.453125 0.7524038461538461 0.06490384615384616 0.1201923076923077
3 0.6237980769230769 0.6021634615384616 0.06490384615384616 0.11778846153846154
3 0.6634615384615384 0.734375 0.0625 0.11778846153846154
3 0.23197115384615385 0.53125 0.06971153846153846 0.11778846153846154
5 0.13341346153846154 0.06370192307692307 0.057692307692307696 0.07211538461538461
3 0.24158653846153846 0.6382211538461539 0.07211538461538461 0.11538461538461539
3 0.234375 0.41466346153846156 0.07211538461538461 0.11298076923076923
3 0.21634615384615385 0.05889423076923077 0.052884615384615384 0.07692307692307693
3 0.22596153846153846 0.21514423076923078 0.057692307692307696 0.11057692307692307
3 0.7079326923076923 0.4807692307692308 0.0625 0.11057692307692307
3 0.484375 0.27283653846153844 0.057692307692307696 0.11057692307692307
3 0.6478365384615384 0.18269230769230768 0.052884615384615384 0.10817307692307693
3 0.3762019230769231 0.11298076923076923 0.052884615384615384 0.10817307692307693
3 0.22716346153846154 0.3076923076923077 0.057692307692307696 0.10817307692307693
3 0.6298076923076923 0.09735576923076923 0.052884615384615384 0.10336538461538461
3 0.6165865384615384 0.030048076923076924 0.05048076923076923 0.06009615384615385
3 0.6899038461538461 0.36778846153846156 0.06009615384615385 0.11778846153846154