1 0.17668269230769232 0.3581730769230769 0.06971153846153846 0.1971153846153846
1 0.7944711538461539 0.3737980769230769 0.07451923076923077 0.19230769230769232
4 0.1935096153846154 0.27163461538461536 0.0673076923076923 0.17307692307692307
4 0.7908653846153846 0.3016826923076923 0.07211538461538461 0.16346153846153846
2 0.1658653846153846 0.5973557692307693 0.07211538461538461 0.13701923076923078
2 0.4483173076923077 0.390625 0.057692307692307696 0.13701923076923078
2 0.5973557692307693 0.12980769230769232 0.05048076923076923 0.1346153846153846
0 0.15985576923076922 0.4855769230769231 0.06009615384615385 0.1346153846153846
2 0.37259615384615385 0.19230769230769232 0.05048076923076923 0.1346153846153846
5 0.2512019230769231 0.7403846153846154 0.0625 0.1346153846153846
0 0.19831730769230768 0.1971153846153846 0.052884615384615384 0.13221153846153846
0 0.7584134615384616 0.21514423076923078 0.04807692307692308 0.13221153846153846
0 0.7103365384615384 0.6177884615384616 0.06009615384615385 0.13221153846153846
0 0.8413461538461539 0.7403846153846154 0.07211538461538461 0.12740384615384615
0 0.7512019230769231 0.0673076923076923 0.05048076923076923 0.11057692307692307
3 0.44591346153846156 0.7415865384615384 0.052884615384615384 0.10817307692307693
3 0.6189903846153846 0.6189903846153846 0.052884615384615384 0.10817307692307693
3 0.6430288461538461 0.7439903846153846 0.05048076923076923 0.10576923076923077
3 0.26322115384615385 0.5120192307692307 0.06009615384615385 0.10576923076923077
5 0.21875 0.05048076923076923 0.052884615384615384 0.10096153846153846
3 0.25961538461538464 0.6141826923076923 0.06009615384615385 0.10336538461538461
3 0.27524038461538464 0.4050480769230769 0.06009615384615385 0.10336538461538461
3 0.2932692307692308 0.052884615384615384 0.04326923076923077 0.10336538461538461
3 0.28725961538461536 0.21754807692307693 0.04807692307692308 0.10096153846153846
3 0.7115384615384616 0.5120192307692307 0.052884615384615384 0.10096153846153846
3 0.5228365384615384 0.296875 0.04807692307692308 0.10096153846153846
3 0.6838942307692307 0.22956730769230768 0.04326923076923077 0.0985576923076923
3 0.4362980769230769 0.13701923076923078 0.04326923076923077 0.0985576923076923
3 0.2800480769230769 0.30528846153846156 0.04807692307692308 0.0985576923076923
3 0.6742788461538461 0.1466346153846154 0.04326923076923077 0.09375
3 0.6694711538461539 0.06129807692307692 0.040865384615384616 0.09375
3 0.7043269230769231 0.4050480769230769 0.05048076923076923 0.10817307692307693