1 0.7536057692307693 0.5817307692307693 0.09615384615384616 0.22115384615384615
5 0.8774038461538461 0.7247596153846154 0.09134615384615384 0.16105769230769232
4 0.6141826923076923 0.27403846153846156 0.06971153846153846 0.18028846153846154
3 0.6490384615384616 0.49399038461538464 0.0625 0.11298076923076923
3 0.6923076923076923 0.20432692307692307 0.057692307692307696 0.11298076923076923
3 0.5324519230769231 0.2824519230769231 0.0625 0.11778846153846154
2 0.4567307692307692 0.38461538461538464 0.07451923076923077 0.14182692307692307
5 0.6766826923076923 0.7115384615384616 0.08413461538461539 0.14423076923076922
4 0.375 0.28125 0.07932692307692307 0.17307692307692307
1 0.27884615384615385 0.36177884615384615 0.10096153846153846 0.19951923076923078
5 0.19230769230769232 0.19831730769230768 0.07211538461538461 0.1346153846153846
3 0.45072115384615385 0.28365384615384615 0.057692307692307696 0.11298076923076923
3 0.3701923076923077 0.1310096153846154 0.057692307692307696 0.10817307692307693
3 0.28725961538461536 0.055288461538461536 0.057692307692307696 0.09134615384615384
3 0.28125 0.609375 0.06971153846153846 0.1201923076923077