1 0.734375 0.6045673076923077 0.09134615384615384 0.21875
5 0.8449519230769231 0.7548076923076923 0.0889423076923077 0.15865384615384615
4 0.625 0.28846153846153844 0.0673076923076923 0.1778846153846154
3 0.6394230769230769 0.5084134615384616 0.06009615384615385 0.11057692307692307
3 0.7079326923076923 0.22716346153846154 0.057692307692307696 0.11057692307692307
3 0.5420673076923077 0.29086538461538464 0.06009615384615385 0.11538461538461539
2 0.45913461538461536 0.38341346153846156 0.07211538461538461 0.13942307692307693
5 0.6502403846153846 0.7247596153846154 0.07932692307692307 0.14182692307692307
4 0.3870192307692308 0.2764423076923077 0.07451923076923077 0.17067307692307693
1 0.2860576923076923 0.3473557692307692 0.09615384615384616 0.19471153846153846
5 0.21394230769230768 0.17908653846153846 0.06971153846153846 0.13221153846153846
3 0.46153846153846156 0.2848557692307692 0.055288461538461536 0.11057692307692307
3 0.39663461538461536 0.12740384615384615 0.055288461538461536 0.10576923076923077
3 0.32211538461538464 0.04567307692307692 0.057692307692307696 0.09134615384615384
3 0.26802884615384615 0.5901442307692307 0.0673076923076923 0.11778846153846154