1 0.7295673076923077 0.6045673076923077 0.09375 0.22355769230769232
5 0.8425480769230769 0.7584134615384616 0.0889423076923077 0.16105769230769232
4 0.6177884615384616 0.28125 0.0673076923076923 0.18028846153846154
3 0.6322115384615384 0.5060096153846154 0.06009615384615385 0.11298076923076923
3 0.703125 0.21995192307692307 0.057692307692307696 0.11298076923076923
3 0.5336538461538461 0.2848557692307692 0.0625 0.11778846153846154
2 0.4483173076923077 0.3786057692307692 0.07451923076923077 0.14182692307692307
5 0.6418269230769231 0.7271634615384616 0.08173076923076923 0.14423076923076922
4 0.3762019230769231 0.26802884615384615 0.07692307692307693 0.17307692307692307
1 0.27163461538461536 0.34134615384615385 0.0985576923076923 0.19951923076923078
5 0.19831730769230768 0.16947115384615385 0.07211538461538461 0.1346153846153846
3 0.45072115384615385 0.2764423076923077 0.057692307692307696 0.11298076923076923
3 0.38461538461538464 0.11658653846153846 0.057692307692307696 0.10817307692307693
3 0.3088942307692308 0.039663461538461536 0.06009615384615385 0.07932692307692307
3 0.25240384615384615 0.5901442307692307 0.06971153846153846 0.1201923076923077