5 0.8689903846153846 0.7560096153846154 0.09134615384615384 0.17067307692307693
1 0.8485576923076923 0.4963942307692308 0.10336538461538461 0.22355769230769232
4 0.6358173076923077 0.2776442307692308 0.07692307692307693 0.1875
3 0.7247596153846154 0.21394230769230768 0.057692307692307696 0.1201923076923077
3 0.7379807692307693 0.40024038461538464 0.0625 0.11778846153846154
3 0.6514423076923077 0.5036057692307693 0.06490384615384616 0.1201923076923077
3 0.5673076923076923 0.042067307692307696 0.04326923076923077 0.08173076923076923
3 0.5492788461538461 0.2824519230769231 0.057692307692307696 0.11298076923076923
2 0.4639423076923077 0.375 0.07451923076923077 0.14903846153846154
2 0.5492788461538461 0.1045673076923077 0.06490384615384616 0.1466346153846154
0 0.4543269230769231 0.5949519230769231 0.06971153846153846 0.15865384615384615
1 0.2800480769230769 0.33774038461538464 0.09134615384615384 0.21394230769230768
4 0.3858173076923077 0.26322115384615385 0.07211538461538461 0.1971153846153846
2 0.36778846153846156 0.4723557692307692 0.07451923076923077 0.15865384615384615
5 0.234375 0.03245192307692308 0.06490384615384616 0.06490384615384616
3 0.31490384615384615 0.03245192307692308 0.057692307692307696 0.06490384615384616
3 0.3076923076923077 0.1778846153846154 0.06009615384615385 0.11538461538461539
3 0.4651442307692308 0.27524038461538464 0.052884615384615384 0.10576923076923077
3 0.4483173076923077 0.7403846153846154 0.06971153846153846 0.1201923076923077
3 0.2608173076923077 0.6009615384615384 0.0673076923076923 0.1201923076923077
5 0.24519230769230768 0.7367788461538461 0.09134615384615384 0.15144230769230768