5 0.8629807692307693 0.6935096153846154 0.09375 0.16826923076923078
1 0.8076923076923077 0.4483173076923077 0.10817307692307693 0.21875
4 0.5745192307692307 0.2668269230769231 0.07932692307692307 0.18509615384615385
3 0.6502403846153846 0.1935096153846154 0.06009615384615385 0.11778846153846154
3 0.6887019230769231 0.3701923076923077 0.06490384615384616 0.11538461538461539
3 0.6201923076923077 0.4795673076923077 0.0673076923076923 0.11778846153846154
3 0.47836538461538464 0.04567307692307692 0.04807692307692308 0.09134615384615384
3 0.49278846153846156 0.28365384615384615 0.06009615384615385 0.11057692307692307
2 0.42427884615384615 0.38341346153846156 0.07692307692307693 0.1466346153846154
2 0.4699519230769231 0.11298076923076923 0.06490384615384616 0.14423076923076922
0 0.44350961538461536 0.5949519230769231 0.07211538461538461 0.15384615384615385
1 0.24278846153846154 0.37259615384615385 0.09615384615384616 0.2091346153846154
4 0.3329326923076923 0.2860576923076923 0.07692307692307693 0.19230769230769232
2 0.3449519230769231 0.4891826923076923 0.07692307692307693 0.15625
5 0.15625 0.07211538461538461 0.06490384615384616 0.09134615384615384
3 0.23197115384615385 0.0625 0.055288461538461536 0.08653846153846154
3 0.24759615384615385 0.21514423076923078 0.06009615384615385 0.11298076923076923
3 0.4110576923076923 0.28846153846153844 0.055288461538461536 0.10576923076923077
3 0.4579326923076923 0.7355769230769231 0.07211538461538461 0.1201923076923077
3 0.25841346153846156 0.6262019230769231 0.06971153846153846 0.11778846153846154
5 0.2620192307692308 0.7596153846153846 0.09375 0.14903846153846154