5 0.8569711538461539 0.7307692307692307 0.08653846153846154 0.1658653846153846
1 0.8125 0.48197115384615385 0.10096153846153846 0.21634615384615385
4 0.5853365384615384 0.2932692307692308 0.07451923076923077 0.18269230769230768
3 0.6634615384615384 0.2247596153846154 0.055288461538461536 0.11538461538461539
3 0.6959134615384616 0.40024038461538464 0.06009615384615385 0.11298076923076923
3 0.6237980769230769 0.5096153846153846 0.0625 0.11538461538461539
3 0.4951923076923077 0.06129807692307692 0.040865384615384616 0.10336538461538461
3 0.5024038461538461 0.3076923076923077 0.055288461538461536 0.11057692307692307
2 0.43149038461538464 0.4050480769230769 0.07211538461538461 0.14423076923076922
2 0.4855769230769231 0.13581730769230768 0.0625 0.14182692307692307
0 0.4423076923076923 0.6177884615384616 0.0673076923076923 0.15384615384615385
1 0.24879807692307693 0.38822115384615385 0.0889423076923077 0.20673076923076922
4 0.3425480769230769 0.30528846153846156 0.07211538461538461 0.18990384615384615
2 0.34615384615384615 0.5084134615384616 0.07211538461538461 0.15384615384615385
5 0.171875 0.07211538461538461 0.0625 0.11298076923076923
3 0.25 0.06490384615384616 0.055288461538461536 0.10576923076923077
3 0.25961538461538464 0.23076923076923078 0.057692307692307696 0.11057692307692307
3 0.4206730769230769 0.3088942307692308 0.052884615384615384 0.10336538461538461
3 0.4519230769230769 0.7572115384615384 0.0673076923076923 0.11778846153846154
3 0.25721153846153844 0.6430288461538461 0.06490384615384616 0.11538461538461539
5 0.25600961538461536 0.7752403846153846 0.0889423076923077 0.1466346153846154