0 0.7451923076923077 0.12259615384615384 0.055288461538461536 0.13942307692307693
0 0.5072115384615384 0.29927884615384615 0.055288461538461536 0.13942307692307693
4 0.7055288461538461 0.3942307692307692 0.057692307692307696 0.1778846153846154
2 0.7740384615384616 0.27283653846153844 0.07932692307692307 0.20192307692307693
5 0.8509615384615384 0.7944711538461539 0.08173076923076923 0.15144230769230768
5 0.7295673076923077 0.055288461538461536 0.057692307692307696 0.10336538461538461
2 0.8173076923076923 0.5408653846153846 0.07932692307692307 0.1466346153846154
3 0.6790865384615384 0.31971153846153844 0.04807692307692308 0.11057692307692307
2 0.5973557692307693 0.31971153846153844 0.0673076923076923 0.1466346153846154
3 0.6526442307692307 0.054086538461538464 0.04807692307692308 0.10336538461538461
3 0.5685096153846154 0.140625 0.04807692307692308 0.11057692307692307
3 0.5 0.23076923076923078 0.04807692307692308 0.11298076923076923
3 0.5120192307692307 0.42908653846153844 0.055288461538461536 0.11298076923076923
3 0.7367788461538461 0.7920673076923077 0.057692307692307696 0.1201923076923077
3 0.5865384615384616 0.5348557692307693 0.052884615384615384 0.11538461538461539
3 0.5228365384615384 0.6634615384615384 0.057692307692307696 0.1201923076923077
2 0.3245192307692308 0.296875 0.06490384615384616 0.14182692307692307
5 0.3112980769230769 0.7788461538461539 0.07211538461538461 0.1466346153846154
5 0.1658653846153846 0.052884615384615384 0.057692307692307696 0.10576923076923077
0 0.15144230769230768 0.1045673076923077 0.0625 0.15144230769230768
0 0.09375 0.6514423076923077 0.07211538461538461 0.15144230769230768
1 0.12139423076923077 0.3798076923076923 0.08173076923076923 0.21394230769230768
3 0.39663461538461536 0.21033653846153846 0.04807692307692308 0.11057692307692307
4 0.24278846153846154 0.1814903846153846 0.07692307692307693 0.18028846153846154
3 0.3954326923076923 0.04807692307692308 0.05048076923076923 0.09615384615384616
3 0.24158653846153846 0.11899038461538461 0.04567307692307692 0.10336538461538461
3 0.22596153846153846 0.3076923076923077 0.052884615384615384 0.11057692307692307
3 0.2247596153846154 0.41225961538461536 0.057692307692307696 0.11778846153846154
3 0.20793269230769232 0.6598557692307693 0.052884615384615384 0.10817307692307693
3 0.4050480769230769 0.5420673076923077 0.05048076923076923 0.125
3 0.421875 0.7932692307692307 0.0625 0.11778846153846154