0 0.7439903846153846 0.1346153846153846 0.052884615384615384 0.1346153846153846
0 0.5144230769230769 0.30528846153846156 0.052884615384615384 0.1346153846153846
4 0.7067307692307693 0.39663461538461536 0.057692307692307696 0.17307692307692307
2 0.7728365384615384 0.27884615384615385 0.07692307692307693 0.1971153846153846
5 0.8473557692307693 0.7848557692307693 0.07932692307692307 0.1466346153846154
5 0.7307692307692307 0.06129807692307692 0.057692307692307696 0.11538461538461539
2 0.8149038461538461 0.5384615384615384 0.07692307692307693 0.14182692307692307
3 0.6814903846153846 0.32572115384615385 0.04567307692307692 0.10817307692307693
2 0.6021634615384616 0.3245192307692308 0.06490384615384616 0.14182692307692307
3 0.65625 0.06490384615384616 0.04567307692307692 0.10336538461538461
3 0.5745192307692307 0.15144230769230768 0.04807692307692308 0.10576923076923077
3 0.5072115384615384 0.23798076923076922 0.04567307692307692 0.10817307692307693
3 0.5192307692307693 0.43028846153846156 0.055288461538461536 0.10817307692307693
3 0.7367788461538461 0.78125 0.055288461538461536 0.11778846153846154
3 0.5925480769230769 0.5336538461538461 0.05048076923076923 0.11298076923076923
3 0.5300480769230769 0.6574519230769231 0.057692307692307696 0.11538461538461539
2 0.33774038461538464 0.30408653846153844 0.06009615384615385 0.13701923076923078
5 0.3245192307692308 0.7692307692307693 0.06971153846153846 0.14182692307692307
5 0.18389423076923078 0.05889423076923077 0.055288461538461536 0.11778846153846154
0 0.17067307692307693 0.11658653846153846 0.06009615384615385 0.1466346153846154
0 0.1141826923076923 0.6466346153846154 0.06971153846153846 0.1466346153846154
1 0.140625 0.38461538461538464 0.07692307692307693 0.20673076923076922
3 0.4074519230769231 0.21995192307692307 0.04807692307692308 0.10817307692307693
4 0.25841346153846156 0.19110576923076922 0.07451923076923077 0.17307692307692307
3 0.4050480769230769 0.055288461538461536 0.04567307692307692 0.10336538461538461
3 0.25841346153846156 0.1310096153846154 0.04567307692307692 0.10096153846153846
3 0.24278846153846154 0.3137019230769231 0.052884615384615384 0.10576923076923077
3 0.24158653846153846 0.41466346153846156 0.055288461538461536 0.11298076923076923
3 0.2247596153846154 0.6538461538461539 0.05048076923076923 0.10576923076923077
3 0.41586538461538464 0.5396634615384616 0.04807692307692308 0.1201923076923077
3 0.43149038461538464 0.7836538461538461 0.06009615384615385 0.11298076923076923