0 0.7608173076923077 0.16826923076923078 0.052884615384615384 0.13701923076923078
0 0.5288461538461539 0.3401442307692308 0.052884615384615384 0.13701923076923078
4 0.7223557692307693 0.4338942307692308 0.057692307692307696 0.17307692307692307
2 0.7908653846153846 0.31490384615384615 0.07932692307692307 0.19951923076923078
5 0.8641826923076923 0.8257211538461539 0.07932692307692307 0.1466346153846154
5 0.7475961538461539 0.09014423076923077 0.057692307692307696 0.125
2 0.8329326923076923 0.5769230769230769 0.07932692307692307 0.14423076923076922
3 0.6971153846153846 0.36177884615384615 0.04567307692307692 0.10817307692307693
2 0.6165865384615384 0.36177884615384615 0.06490384615384616 0.14423076923076922
3 0.671875 0.09735576923076923 0.04567307692307692 0.10576923076923077
3 0.5901442307692307 0.18509615384615385 0.04807692307692308 0.10817307692307693
3 0.5216346153846154 0.27283653846153844 0.04567307692307692 0.11057692307692307
3 0.5336538461538461 0.4675480769230769 0.055288461538461536 0.11057692307692307
3 0.7524038461538461 0.8233173076923077 0.055288461538461536 0.11778846153846154
3 0.6069711538461539 0.5721153846153846 0.052884615384615384 0.11298076923076923
3 0.5444711538461539 0.6983173076923077 0.057692307692307696 0.11538461538461539
2 0.34975961538461536 0.3389423076923077 0.0625 0.13942307692307693
5 0.33653846153846156 0.8100961538461539 0.06971153846153846 0.14423076923076922
5 0.1935096153846154 0.08774038461538461 0.052884615384615384 0.12259615384615384
0 0.18028846153846154 0.1502403846153846 0.06009615384615385 0.14903846153846154
0 0.12379807692307693 0.6862980769230769 0.07211538461538461 0.14903846153846154
1 0.1502403846153846 0.4206730769230769 0.07692307692307693 0.2091346153846154
3 0.4206730769230769 0.2548076923076923 0.04807692307692308 0.10817307692307693
4 0.2704326923076923 0.22596153846153846 0.07451923076923077 0.17548076923076922
3 0.41947115384615385 0.08774038461538461 0.04567307692307692 0.10336538461538461
3 0.2704326923076923 0.1658653846153846 0.04567307692307692 0.10096153846153846
3 0.2536057692307692 0.3485576923076923 0.052884615384615384 0.10817307692307693
3 0.2536057692307692 0.4519230769230769 0.057692307692307696 0.11538461538461539
3 0.23557692307692307 0.6935096153846154 0.05048076923076923 0.10576923076923077
3 0.42908653846153844 0.578125 0.05048076923076923 0.12259615384615384
3 0.44471153846153844 0.8233173076923077 0.06009615384615385 0.11538461538461539