5 0.5649038461538461 0.051682692307692304 0.057692307692307696 0.10336538461538461
5 0.8329326923076923 0.7524038461538461 0.07692307692307693 0.14903846153846154
1 0.7728365384615384 0.36538461538461536 0.09615384615384616 0.21153846153846154
4 0.5721153846153846 0.28846153846153844 0.07211538461538461 0.18269230769230768
3 0.6454326923076923 0.12620192307692307 0.04807692307692308 0.11057692307692307
3 0.6586538461538461 0.21875 0.04567307692307692 0.11298076923076923
3 0.6814903846153846 0.4050480769230769 0.052884615384615384 0.11057692307692307
3 0.6911057692307693 0.515625 0.052884615384615384 0.11298076923076923
3 0.484375 0.2956730769230769 0.052884615384615384 0.11057692307692307
3 0.49158653846153844 0.051682692307692304 0.05048076923076923 0.10336538461538461
2 0.5661057692307693 0.1141826923076923 0.05048076923076923 0.13942307692307693
2 0.4074519230769231 0.39663461538461536 0.0673076923076923 0.14903846153846154
0 0.20793269230769232 0.7692307692307693 0.07211538461538461 0.14903846153846154
0 0.1045673076923077 0.4963942307692308 0.07211538461538461 0.1466346153846154
5 0.15504807692307693 0.046875 0.0673076923076923 0.09134615384615384
1 0.1201923076923077 0.3641826923076923 0.08173076923076923 0.21634615384615385
4 0.31971153846153844 0.29086538461538464 0.08173076923076923 0.1778846153846154
2 0.3245192307692308 0.18028846153846154 0.057692307692307696 0.14423076923076922
2 0.11298076923076923 0.6153846153846154 0.07692307692307693 0.15144230769230768
3 0.4014423076923077 0.29927884615384615 0.04807692307692308 0.11057692307692307
3 0.23918269230769232 0.046875 0.055288461538461536 0.09375
3 0.24278846153846154 0.20432692307692307 0.052884615384615384 0.11538461538461539
3 0.21514423076923078 0.6310096153846154 0.06971153846153846 0.12259615384615384
3 0.41225961538461536 0.7572115384615384 0.0673076923076923 0.125