5 0.5805288461538461 0.06490384615384616 0.0625 0.1201923076923077
5 0.8233173076923077 0.7836538461538461 0.08413461538461539 0.15144230769230768
1 0.7752403846153846 0.3942307692307692 0.10336538461538461 0.21394230769230768
4 0.5793269230769231 0.3088942307692308 0.07932692307692307 0.18509615384615385
3 0.6574519230769231 0.1502403846153846 0.052884615384615384 0.11298076923076923
3 0.6682692307692307 0.24278846153846154 0.05048076923076923 0.11538461538461539
3 0.6838942307692307 0.42908653846153844 0.057692307692307696 0.11298076923076923
3 0.6899038461538461 0.5420673076923077 0.057692307692307696 0.11538461538461539
3 0.49038461538461536 0.31490384615384615 0.055288461538461536 0.11057692307692307
3 0.5048076923076923 0.06490384615384616 0.052884615384615384 0.11298076923076923
2 0.5793269230769231 0.1346153846153846 0.055288461538461536 0.14182692307692307
2 0.4110576923076923 0.4110576923076923 0.07211538461538461 0.15144230769230768
0 0.19831730769230768 0.7776442307692307 0.07692307692307693 0.15144230769230768
0 0.1045673076923077 0.5012019230769231 0.07692307692307693 0.14903846153846154
5 0.17067307692307693 0.051682692307692304 0.07692307692307693 0.10336538461538461
1 0.12379807692307693 0.36899038461538464 0.0889423076923077 0.21875
4 0.32572115384615385 0.30408653846153844 0.0889423076923077 0.18269230769230768
2 0.33533653846153844 0.19230769230769232 0.0625 0.1466346153846154
2 0.10697115384615384 0.6213942307692307 0.08413461538461539 0.15384615384615385
3 0.40625 0.31490384615384615 0.052884615384615384 0.11298076923076923
3 0.2536057692307692 0.052884615384615384 0.06009615384615385 0.10576923076923077
3 0.2512019230769231 0.21514423076923078 0.057692307692307696 0.11778846153846154
3 0.21033653846153846 0.640625 0.07451923076923077 0.125
3 0.4014423076923077 0.7716346153846154 0.07211538461538461 0.125