5 0.546875 0.057692307692307696 0.06971153846153846 0.11538461538461539
5 0.8665865384615384 0.71875 0.0889423076923077 0.15144230769230768
1 0.7752403846153846 0.34975961538461536 0.11057692307692307 0.21394230769230768
4 0.5745192307692307 0.29086538461538464 0.08653846153846154 0.18269230769230768
3 0.6322115384615384 0.12740384615384615 0.055288461538461536 0.11298076923076923
3 0.6526442307692307 0.21514423076923078 0.052884615384615384 0.11298076923076923
3 0.6899038461538461 0.3942307692307692 0.0625 0.11298076923076923
3 0.7091346153846154 0.5012019230769231 0.06009615384615385 0.11298076923076923
3 0.49038461538461536 0.30528846153846156 0.06009615384615385 0.11057692307692307
3 0.4735576923076923 0.06370192307692307 0.055288461538461536 0.11057692307692307
2 0.5540865384615384 0.12259615384615384 0.06009615384615385 0.13942307692307693
2 0.42427884615384615 0.40865384615384615 0.07692307692307693 0.15144230769230768
0 0.2620192307692308 0.7884615384615384 0.08173076923076923 0.14903846153846154
0 0.13942307692307693 0.53125 0.08173076923076923 0.14903846153846154
5 0.1502403846153846 0.0829326923076923 0.07451923076923077 0.11298076923076923
1 0.14302884615384615 0.4026442307692308 0.09615384615384616 0.21634615384615385
4 0.3293269230769231 0.31490384615384615 0.09375 0.18028846153846154
2 0.3245192307692308 0.20673076923076922 0.0673076923076923 0.14423076923076922
2 0.15745192307692307 0.6466346153846154 0.0889423076923077 0.15384615384615385
3 0.40865384615384615 0.3161057692307692 0.055288461538461536 0.11298076923076923
3 0.22956730769230768 0.07572115384615384 0.06009615384615385 0.11057692307692307
3 0.24759615384615385 0.23677884615384615 0.0625 0.11778846153846154
3 0.25721153846153844 0.6538461538461539 0.07932692307692307 0.125
3 0.45913461538461536 0.7584134615384616 0.07451923076923077 0.125