1 0.8040865384615384 0.31490384615384615 0.0985576923076923 0.21394230769230768
5 0.8197115384615384 0.5552884615384616 0.08413461538461539 0.14423076923076922
5 0.7884615384615384 0.09254807692307693 0.0673076923076923 0.1346153846153846
2 0.625 0.33774038461538464 0.07211538461538461 0.14903846153846154
2 0.640625 0.6694711538461539 0.08653846153846154 0.16346153846153846
3 0.7331730769230769 0.8100961538461539 0.07211538461538461 0.125
4 0.5396634615384616 0.421875 0.08413461538461539 0.18509615384615385
3 0.6201923076923077 0.17067307692307693 0.0625 0.1201923076923077
3 0.7163461538461539 0.3545673076923077 0.057692307692307696 0.11538461538461539
3 0.6177884615384616 0.5480769230769231 0.06490384615384616 0.1201923076923077
3 0.5432692307692307 0.6730769230769231 0.057692307692307696 0.1201923076923077
3 0.5492788461538461 0.25600961538461536 0.06009615384615385 0.11057692307692307
0 0.7067307692307693 0.08413461538461539 0.06490384615384616 0.13942307692307693
0 0.36538461538461536 0.5228365384615384 0.07692307692307693 0.15865384615384615
4 0.3858173076923077 0.12139423076923077 0.07932692307692307 0.18509615384615385
1 0.17548076923076922 0.3701923076923077 0.10576923076923077 0.21875
2 0.21754807692307693 0.7692307692307693 0.08413461538461539 0.1658653846153846
5 0.23798076923076922 0.056490384615384616 0.0673076923076923 0.11298076923076923
0 0.2247596153846154 0.10817307692307693 0.0673076923076923 0.15144230769230768
0 0.12980769230769232 0.6322115384615384 0.08653846153846154 0.16105769230769232
2 0.375 0.3088942307692308 0.07932692307692307 0.15144230769230768
3 0.46033653846153844 0.06370192307692307 0.0625 0.11778846153846154
3 0.4495192307692308 0.22596153846153846 0.06009615384615385 0.1201923076923077
3 0.31009615384615385 0.13341346153846154 0.06009615384615385 0.11538461538461539
3 0.27884615384615385 0.3076923076923077 0.06009615384615385 0.11298076923076923
3 0.2704326923076923 0.41225961538461536 0.0673076923076923 0.12259615384615384
3 0.2403846153846154 0.6442307692307693 0.0673076923076923 0.1201923076923077