1 0.796875 0.3088942307692308 0.08653846153846154 0.2091346153846154
5 0.8245192307692307 0.546875 0.07692307692307693 0.14182692307692307
5 0.7680288461538461 0.08653846153846154 0.06009615384615385 0.13221153846153846
2 0.6189903846153846 0.3401442307692308 0.06490384615384616 0.1466346153846154
2 0.6514423076923077 0.6694711538461539 0.07932692307692307 0.16105769230769232
3 0.7512019230769231 0.8052884615384616 0.06490384615384616 0.1201923076923077
4 0.5372596153846154 0.42788461538461536 0.07451923076923077 0.18269230769230768
3 0.6057692307692307 0.17307692307692307 0.055288461538461536 0.11778846153846154
3 0.7091346153846154 0.35216346153846156 0.052884615384615384 0.11298076923076923
3 0.6213942307692307 0.5504807692307693 0.057692307692307696 0.11778846153846154
3 0.5528846153846154 0.6790865384615384 0.052884615384615384 0.11778846153846154
3 0.5384615384615384 0.2620192307692308 0.055288461538461536 0.10817307692307693
0 0.6850961538461539 0.07692307692307693 0.06009615384615385 0.14423076923076922
0 0.36778846153846156 0.5396634615384616 0.06971153846153846 0.15384615384615385
4 0.36778846153846156 0.13581730769230768 0.06971153846153846 0.18028846153846154
1 0.17067307692307693 0.3954326923076923 0.09615384615384616 0.21394230769230768
2 0.23317307692307693 0.7920673076923077 0.07692307692307693 0.16105769230769232
5 0.21514423076923078 0.06850961538461539 0.057692307692307696 0.13221153846153846
0 0.20552884615384615 0.13221153846153846 0.06009615384615385 0.14903846153846154
0 0.13822115384615385 0.6598557692307693 0.07932692307692307 0.15865384615384615
2 0.36658653846153844 0.3245192307692308 0.07211538461538461 0.14903846153846154
3 0.4375 0.07451923076923077 0.057692307692307696 0.11538461538461539
3 0.4375 0.23918269230769232 0.052884615384615384 0.11778846153846154
3 0.2920673076923077 0.15384615384615385 0.055288461538461536 0.11298076923076923
3 0.27163461538461536 0.3293269230769231 0.055288461538461536 0.11057692307692307
3 0.26802884615384615 0.4338942307692308 0.0625 0.1201923076923077
3 0.25 0.6658653846153846 0.06009615384615385 0.11778846153846154