1 0.7728365384615384 0.30528846153846156 0.08173076923076923 0.20432692307692307
5 0.8028846153846154 0.5372596153846154 0.07211538461538461 0.13701923076923078
5 0.7415865384615384 0.0889423076923077 0.055288461538461536 0.12740384615384615
2 0.5985576923076923 0.3389423076923077 0.06009615384615385 0.14182692307692307
2 0.6370192307692307 0.6598557692307693 0.07451923076923077 0.15625
3 0.7367788461538461 0.7908653846153846 0.0625 0.11778846153846154
4 0.5216346153846154 0.4254807692307692 0.06971153846153846 0.17548076923076922
3 0.5841346153846154 0.17668269230769232 0.052884615384615384 0.11298076923076923
3 0.6887019230769231 0.34975961538461536 0.05048076923076923 0.11057692307692307
3 0.6045673076923077 0.5444711538461539 0.055288461538461536 0.11298076923076923
3 0.5420673076923077 0.6706730769230769 0.04807692307692308 0.11298076923076923
3 0.5192307692307693 0.2644230769230769 0.05048076923076923 0.10576923076923077
0 0.6598557692307693 0.08173076923076923 0.055288461538461536 0.13942307692307693
0 0.3581730769230769 0.5384615384615384 0.06490384615384616 0.14903846153846154
4 0.35096153846153844 0.14543269230769232 0.06490384615384616 0.17548076923076922
1 0.16346153846153846 0.4014423076923077 0.0889423076923077 0.20673076923076922
2 0.23197115384615385 0.7872596153846154 0.07211538461538461 0.15625
5 0.20192307692307693 0.08173076923076923 0.052884615384615384 0.12740384615384615
0 0.1935096153846154 0.14423076923076922 0.057692307692307696 0.14423076923076922
0 0.13822115384615385 0.6586538461538461 0.07451923076923077 0.15384615384615385
2 0.35336538461538464 0.328125 0.0673076923076923 0.14423076923076922
3 0.41947115384615385 0.08413461538461539 0.052884615384615384 0.11057692307692307
3 0.4206730769230769 0.2439903846153846 0.05048076923076923 0.11298076923076923
3 0.27884615384615385 0.1622596153846154 0.05048076923076923 0.10817307692307693
3 0.2608173076923077 0.33533653846153844 0.05048076923076923 0.10576923076923077
3 0.25961538461538464 0.4362980769230769 0.057692307692307696 0.11538461538461539
3 0.24639423076923078 0.6634615384615384 0.055288461538461536 0.11298076923076923