0 0.5853365384615384 0.12259615384615384 0.0673076923076923 0.15384615384615385
1 0.7704326923076923 0.25721153846153844 0.10096153846153846 0.22115384615384615
5 0.5036057692307693 0.21875 0.07451923076923077 0.13221153846153846
2 0.421875 0.22716346153846154 0.07451923076923077 0.14182692307692307
2 0.4519230769230769 0.78125 0.09134615384615384 0.17067307692307693
3 0.7680288461538461 0.7668269230769231 0.07451923076923077 0.14182692307692307
5 0.5504807692307693 0.057692307692307696 0.07211538461538461 0.11538461538461539
3 0.6814903846153846 0.31009615384615385 0.0673076923076923 0.1201923076923077
3 0.5528846153846154 0.6574519230769231 0.06490384615384616 0.12980769230769232
3 0.6141826923076923 0.5192307692307693 0.06971153846153846 0.12980769230769232
3 0.4723557692307692 0.14182692307692307 0.057692307692307696 0.11778846153846154
3 0.39783653846153844 0.15264423076923078 0.055288461538461536 0.12259615384615384
1 0.14302884615384615 0.40865384615384615 0.0985576923076923 0.22115384615384615
4 0.31850961538461536 0.12139423076923077 0.07451923076923077 0.18990384615384615
2 0.23918269230769232 0.8028846153846154 0.09615384615384616 0.17067307692307693
5 0.1622596153846154 0.07692307692307693 0.06971153846153846 0.12259615384615384
0 0.15264423076923078 0.13822115384615385 0.06971153846153846 0.15625
0 0.3449519230769231 0.4182692307692308 0.07211538461538461 0.15384615384615385
3 0.3870192307692308 0.06009615384615385 0.057692307692307696 0.11298076923076923
3 0.2439903846153846 0.14903846153846154 0.06009615384615385 0.11538461538461539
3 0.23918269230769232 0.3317307692307692 0.0625 0.12259615384615384
3 0.24519230769230768 0.43509615384615385 0.0673076923076923 0.12740384615384615
3 0.35096153846153844 0.5588942307692307 0.0673076923076923 0.12980769230769232