0 0.5697115384615384 0.13221153846153846 0.06490384615384616 0.15384615384615385
1 0.7548076923076923 0.2692307692307692 0.0985576923076923 0.22115384615384615
5 0.48677884615384615 0.22596153846153846 0.07211538461538461 0.13221153846153846
2 0.40384615384615385 0.234375 0.07211538461538461 0.13942307692307693
2 0.4254807692307692 0.7920673076923077 0.0889423076923077 0.17067307692307693
3 0.7439903846153846 0.7824519230769231 0.07451923076923077 0.14182692307692307
5 0.5372596153846154 0.0625 0.06971153846153846 0.125
3 0.6646634615384616 0.32211538461538464 0.06490384615384616 0.1201923076923077
3 0.5288461538461539 0.6682692307692307 0.0625 0.12980769230769232
3 0.5925480769230769 0.5300480769230769 0.06971153846153846 0.12980769230769232
3 0.4579326923076923 0.14903846153846154 0.057692307692307696 0.11778846153846154
3 0.38100961538461536 0.15865384615384615 0.052884615384615384 0.125
1 0.1201923076923077 0.41225961538461536 0.09615384615384616 0.22115384615384615
4 0.30288461538461536 0.12740384615384615 0.07211538461538461 0.1875
2 0.21033653846153846 0.8088942307692307 0.09134615384615384 0.17067307692307693
5 0.1466346153846154 0.07572115384615384 0.0673076923076923 0.12980769230769232
0 0.13581730769230768 0.13822115384615385 0.0673076923076923 0.15625
0 0.32572115384615385 0.42427884615384615 0.06971153846153846 0.15384615384615385
3 0.3713942307692308 0.0625 0.057692307692307696 0.11778846153846154
3 0.2283653846153846 0.15144230769230768 0.06009615384615385 0.11538461538461539
3 0.21995192307692307 0.33653846153846156 0.06009615384615385 0.1201923076923077
3 0.22355769230769232 0.43990384615384615 0.06490384615384616 0.12740384615384615
3 0.328125 0.5661057692307693 0.06490384615384616 0.12980769230769232