0 0.6262019230769231 0.14302884615384615 0.06490384615384616 0.14903846153846154
1 0.796875 0.2920673076923077 0.09615384615384616 0.21875
5 0.5384615384615384 0.22956730769230768 0.06971153846153846 0.12980769230769232
2 0.4579326923076923 0.23197115384615385 0.06971153846153846 0.13701923076923078
2 0.43990384615384615 0.7776442307692307 0.08653846153846154 0.1658653846153846
3 0.7512019230769231 0.7896634615384616 0.07211538461538461 0.13942307692307693
5 0.5985576923076923 0.0673076923076923 0.0673076923076923 0.12980769230769232
3 0.7055288461538461 0.33533653846153844 0.0625 0.11538461538461539
3 0.5492788461538461 0.6658653846153846 0.0625 0.12740384615384615
3 0.6201923076923077 0.5348557692307693 0.0673076923076923 0.12740384615384615
3 0.515625 0.15144230769230768 0.055288461538461536 0.11538461538461539
3 0.43990384615384615 0.15625 0.05048076923076923 0.1201923076923077
1 0.16826923076923078 0.3858173076923077 0.09375 0.21875
4 0.36658653846153844 0.1201923076923077 0.06971153846153846 0.18509615384615385
2 0.22956730769230768 0.7788461538461539 0.09134615384615384 0.16826923076923078
5 0.21634615384615385 0.0625 0.0673076923076923 0.125
0 0.20192307692307693 0.1201923076923077 0.06490384615384616 0.15384615384615385
0 0.36658653846153844 0.41225961538461536 0.0673076923076923 0.15144230769230768
3 0.4375 0.0625 0.055288461538461536 0.11538461538461539
3 0.28966346153846156 0.13942307692307693 0.057692307692307696 0.11298076923076923
3 0.2704326923076923 0.31850961538461536 0.06009615384615385 0.11778846153846154
3 0.2668269230769231 0.41947115384615385 0.0625 0.125
3 0.359375 0.5504807692307693 0.0625 0.125