4 0.8173076923076923 0.3088942307692308 0.07692307692307693 0.16826923076923078
1 0.8185096153846154 0.3858173076923077 0.08173076923076923 0.19951923076923078
0 0.8377403846153846 0.5192307692307693 0.06490384615384616 0.13942307692307693
0 0.7896634615384616 0.21995192307692307 0.055288461538461536 0.1346153846153846
2 0.7824519230769231 0.14182692307692307 0.06490384615384616 0.11778846153846154
2 0.8521634615384616 0.6442307692307693 0.07932692307692307 0.12980769230769232
5 0.7836538461538461 0.06490384615384616 0.052884615384615384 0.11057692307692307
5 0.8605769230769231 0.7740384615384616 0.07451923076923077 0.1346153846153846
3 0.7548076923076923 0.7728365384615384 0.057692307692307696 0.10817307692307693
3 0.7439903846153846 0.6430288461538461 0.055288461538461536 0.10817307692307693
3 0.7331730769230769 0.53125 0.04807692307692308 0.10336538461538461
3 0.7235576923076923 0.421875 0.05048076923076923 0.10336538461538461
3 0.7139423076923077 0.31971153846153844 0.05048076923076923 0.10096153846153846
3 0.7067307692307693 0.23317307692307693 0.04567307692307692 0.10336538461538461
3 0.6983173076923077 0.14783653846153846 0.04567307692307692 0.09375
3 0.6983173076923077 0.06129807692307692 0.04567307692307692 0.0985576923076923
4 0.19471153846153846 0.2692307692307692 0.07211538461538461 0.1778846153846154
1 0.17548076923076922 0.359375 0.07451923076923077 0.20432692307692307
0 0.20072115384615385 0.19230769230769232 0.055288461538461536 0.13942307692307693
0 0.15625 0.4891826923076923 0.0625 0.13942307692307693
2 0.22235576923076922 0.11057692307692307 0.057692307692307696 0.1346153846153846
2 0.15865384615384615 0.609375 0.07451923076923077 0.14903846153846154
5 0.12740384615384615 0.7608173076923077 0.07211538461538461 0.14182692307692307
5 0.2247596153846154 0.04447115384615385 0.055288461538461536 0.0889423076923077
3 0.30528846153846156 0.046875 0.04807692307692308 0.09375
3 0.29927884615384615 0.125 0.04807692307692308 0.09375
3 0.2932692307692308 0.21634615384615385 0.04567307692307692 0.10336538461538461
3 0.2848557692307692 0.30408653846153844 0.055288461538461536 0.10576923076923077
3 0.28125 0.41225961538461536 0.052884615384615384 0.10576923076923077
3 0.2620192307692308 0.5204326923076923 0.0625 0.11057692307692307
3 0.25961538461538464 0.6274038461538461 0.057692307692307696 0.11298076923076923
3 0.24278846153846154 0.7584134615384616 0.0625 0.11057692307692307