4 0.7932692307692307 0.31971153846153844 0.08173076923076923 0.16346153846153846
1 0.7920673076923077 0.3954326923076923 0.08653846153846154 0.19471153846153846
0 0.8052884615384616 0.5240384615384616 0.0673076923076923 0.13701923076923078
0 0.7692307692307693 0.23317307692307693 0.057692307692307696 0.13221153846153846
2 0.7632211538461539 0.15745192307692307 0.0673076923076923 0.11778846153846154
2 0.8149038461538461 0.6466346153846154 0.08173076923076923 0.12740384615384615
5 0.7680288461538461 0.0829326923076923 0.052884615384615384 0.10817307692307693
5 0.8197115384615384 0.7716346153846154 0.07692307692307693 0.13221153846153846
3 0.7175480769230769 0.765625 0.06009615384615385 0.10576923076923077
3 0.7103365384615384 0.6418269230769231 0.057692307692307696 0.10576923076923077
3 0.7043269230769231 0.5324519230769231 0.05048076923076923 0.10096153846153846
3 0.6995192307692307 0.4254807692307692 0.052884615384615384 0.10336538461538461
3 0.6923076923076923 0.3269230769230769 0.052884615384615384 0.0985576923076923
3 0.6887019230769231 0.24158653846153846 0.04807692307692308 0.10096153846153846
3 0.6838942307692307 0.15985576923076922 0.04807692307692308 0.09375
3 0.6850961538461539 0.07572115384615384 0.04807692307692308 0.09615384615384616
4 0.19110576923076922 0.2608173076923077 0.07451923076923077 0.17307692307692307
1 0.16947115384615385 0.3473557692307692 0.07932692307692307 0.19951923076923078
0 0.19951923076923078 0.18629807692307693 0.057692307692307696 0.13701923076923078
0 0.1466346153846154 0.4723557692307692 0.06490384615384616 0.13701923076923078
2 0.22355769230769232 0.10697115384615384 0.06009615384615385 0.13221153846153846
2 0.14423076923076922 0.5889423076923077 0.07692307692307693 0.1466346153846154
5 0.11057692307692307 0.734375 0.07211538461538461 0.13942307692307693
5 0.22956730769230768 0.04447115384615385 0.06009615384615385 0.0889423076923077
3 0.30528846153846156 0.046875 0.04807692307692308 0.09375
3 0.296875 0.12379807692307693 0.05048076923076923 0.09375
3 0.28846153846153844 0.2127403846153846 0.04807692307692308 0.10336538461538461
3 0.2764423076923077 0.296875 0.055288461538461536 0.10336538461538461
3 0.2704326923076923 0.40024038461538464 0.055288461538461536 0.10336538461538461
3 0.24879807692307693 0.5060096153846154 0.0625 0.10817307692307693
3 0.24278846153846154 0.609375 0.06009615384615385 0.11057692307692307
3 0.22235576923076922 0.734375 0.06490384615384616 0.11057692307692307