4 0.7944711538461539 0.33533653846153844 0.08653846153846154 0.17067307692307693
1 0.7908653846153846 0.41225961538461536 0.09134615384615384 0.20192307692307693
0 0.8040865384615384 0.5456730769230769 0.07211538461538461 0.14182692307692307
0 0.7716346153846154 0.24519230769230768 0.0625 0.13701923076923078
2 0.7680288461538461 0.1658653846153846 0.07211538461538461 0.12259615384615384
2 0.8100961538461539 0.6730769230769231 0.08653846153846154 0.13221153846153846
5 0.7740384615384616 0.09134615384615384 0.057692307692307696 0.11298076923076923
5 0.8137019230769231 0.8028846153846154 0.08173076923076923 0.13701923076923078
3 0.7079326923076923 0.7944711538461539 0.0625 0.11057692307692307
3 0.7043269230769231 0.6658653846153846 0.06009615384615385 0.11057692307692307
3 0.6995192307692307 0.5540865384615384 0.055288461538461536 0.10336538461538461
3 0.6959134615384616 0.44350961538461536 0.055288461538461536 0.10576923076923077
3 0.6911057692307693 0.3401442307692308 0.055288461538461536 0.10336538461538461
3 0.6875 0.2536057692307692 0.05048076923076923 0.10336538461538461
3 0.6850961538461539 0.16826923076923078 0.05048076923076923 0.09615384615384616
3 0.6875 0.08052884615384616 0.05048076923076923 0.10096153846153846
4 0.17427884615384615 0.26322115384615385 0.07932692307692307 0.18028846153846154
1 0.15144230769230768 0.35096153846153844 0.08413461538461539 0.20673076923076922
0 0.18509615384615385 0.18629807692307693 0.0625 0.14182692307692307
0 0.125 0.48197115384615385 0.06971153846153846 0.14182692307692307
2 0.21153846153846154 0.10576923076923077 0.06490384615384616 0.13701923076923078
2 0.1201923076923077 0.6021634615384616 0.08173076923076923 0.15384615384615385
5 0.0829326923076923 0.7512019230769231 0.07692307692307693 0.1466346153846154
5 0.21754807692307693 0.04326923076923077 0.06009615384615385 0.08653846153846154
3 0.2980769230769231 0.04567307692307692 0.052884615384615384 0.09134615384615384
3 0.28725961538461536 0.12379807692307693 0.052884615384615384 0.09615384615384616
3 0.2764423076923077 0.21634615384615385 0.052884615384615384 0.10576923076923077
3 0.26322115384615385 0.3016826923076923 0.06009615384615385 0.10817307692307693
3 0.2548076923076923 0.4098557692307692 0.057692307692307696 0.10817307692307693
3 0.22956730769230768 0.5180288461538461 0.0673076923076923 0.11298076923076923
3 0.22115384615384615 0.625 0.0625 0.11538461538461539
3 0.1971153846153846 0.7536057692307693 0.0673076923076923 0.11298076923076923