5 0.8269230769230769 0.7319711538461539 0.08653846153846154 0.16826923076923078
3 0.5084134615384616 0.030048076923076924 0.057692307692307696 0.06009615384615385
1 0.7872596153846154 0.3425480769230769 0.0985576923076923 0.22596153846153846
4 0.5829326923076923 0.2512019230769231 0.07932692307692307 0.19471153846153846
3 0.6899038461538461 0.37740384615384615 0.0673076923076923 0.11057692307692307
3 0.6706730769230769 0.18990384615384615 0.06490384615384616 0.10817307692307693
3 0.6610576923076923 0.09615384615384616 0.055288461538461536 0.11298076923076923
3 0.4987980769230769 0.2608173076923077 0.052884615384615384 0.11778846153846154
3 0.6069711538461539 0.49278846153846156 0.06490384615384616 0.125
2 0.4110576923076923 0.35697115384615385 0.07932692307692307 0.15384615384615385
0 0.4074519230769231 0.5793269230769231 0.07692307692307693 0.16105769230769232
4 0.33052884615384615 0.24278846153846154 0.07692307692307693 0.20432692307692307
2 0.4951923076923077 0.08413461538461539 0.0673076923076923 0.15865384615384615
2 0.11057692307692307 0.5709134615384616 0.0889423076923077 0.16105769230769232
1 0.12379807692307693 0.3137019230769231 0.09134615384615384 0.21875
5 0.171875 0.025240384615384616 0.07451923076923077 0.05048076923076923
5 0.20072115384615385 0.7211538461538461 0.08653846153846154 0.15144230769230768
3 0.2127403846153846 0.5877403846153846 0.0673076923076923 0.12740384615384615
3 0.41346153846153844 0.25721153846153844 0.0625 0.11778846153846154
3 0.25841346153846156 0.025240384615384616 0.055288461538461536 0.05048076923076923
3 0.2548076923076923 0.1658653846153846 0.06009615384615385 0.10817307692307693
3 0.4110576923076923 0.7211538461538461 0.07211538461538461 0.13221153846153846