5 0.8509615384615384 0.7211538461538461 0.08173076923076923 0.15625
3 0.5048076923076923 0.05889423076923077 0.057692307692307696 0.10817307692307693
1 0.7872596153846154 0.3605769230769231 0.09375 0.21153846153846154
4 0.5913461538461539 0.28846153846153844 0.07451923076923077 0.18269230769230768
3 0.6983173076923077 0.39903846153846156 0.0625 0.10336538461538461
3 0.6682692307692307 0.2247596153846154 0.06009615384615385 0.10096153846153846
3 0.6538461538461539 0.13822115384615385 0.052884615384615384 0.10817307692307693
3 0.5120192307692307 0.30288461538461536 0.05048076923076923 0.11057692307692307
3 0.6286057692307693 0.5120192307692307 0.06009615384615385 0.11778846153846154
2 0.4362980769230769 0.39903846153846156 0.07692307692307693 0.14423076923076922
0 0.44711538461538464 0.6069711538461539 0.07211538461538461 0.14903846153846154
4 0.3545673076923077 0.296875 0.07211538461538461 0.19230769230769232
2 0.4963942307692308 0.13701923076923078 0.0625 0.14903846153846154
2 0.16947115384615385 0.6177884615384616 0.08413461538461539 0.15144230769230768
1 0.16466346153846154 0.37740384615384615 0.08653846153846154 0.20673076923076922
5 0.18990384615384615 0.0673076923076923 0.06971153846153846 0.11538461538461539
5 0.26322115384615385 0.7536057692307693 0.08173076923076923 0.14423076923076922
3 0.26802884615384615 0.6274038461538461 0.0625 0.11778846153846154
3 0.4326923076923077 0.30528846153846156 0.057692307692307696 0.11057692307692307
3 0.2692307692307692 0.0625 0.052884615384615384 0.11057692307692307
3 0.2776442307692308 0.2283653846153846 0.055288461538461536 0.10096153846153846
3 0.46033653846153844 0.7379807692307693 0.0673076923076923 0.12259615384615384