5 0.8605769230769231 0.7067307692307693 0.08653846153846154 0.15865384615384615
3 0.49038461538461536 0.056490384615384616 0.06009615384615385 0.11057692307692307
1 0.7836538461538461 0.3473557692307692 0.0985576923076923 0.21394230769230768
4 0.5853365384615384 0.28365384615384615 0.07932692307692307 0.18509615384615385
3 0.6959134615384616 0.3894230769230769 0.06490384615384616 0.10576923076923077
3 0.6598557692307693 0.21514423076923078 0.0625 0.10336538461538461
3 0.6418269230769231 0.1310096153846154 0.055288461538461536 0.10817307692307693
3 0.5060096153846154 0.29927884615384615 0.055288461538461536 0.11057692307692307
3 0.6310096153846154 0.5048076923076923 0.06490384615384616 0.1201923076923077
2 0.4338942307692308 0.39903846153846156 0.08173076923076923 0.1466346153846154
0 0.453125 0.6057692307692307 0.07692307692307693 0.15144230769230768
4 0.3485576923076923 0.29927884615384615 0.07932692307692307 0.19471153846153846
2 0.48677884615384615 0.1346153846153846 0.0673076923076923 0.15144230769230768
2 0.17548076923076922 0.6262019230769231 0.0889423076923077 0.15384615384615385
1 0.1622596153846154 0.3858173076923077 0.09375 0.2091346153846154
5 0.17668269230769232 0.07692307692307693 0.07451923076923077 0.11538461538461539
5 0.27403846153846156 0.7596153846153846 0.08653846153846154 0.1466346153846154
3 0.27283653846153844 0.6310096153846154 0.0673076923076923 0.1201923076923077
3 0.4266826923076923 0.30408653846153844 0.0625 0.11057692307692307
3 0.25600961538461536 0.06971153846153846 0.057692307692307696 0.11057692307692307
3 0.2692307692307692 0.234375 0.06009615384615385 0.10336538461538461
3 0.4699519230769231 0.7367788461538461 0.07211538461538461 0.125