4 0.8293269230769231 0.26802884615384615 0.0673076923076923 0.15144230769230768
1 0.8293269230769231 0.35336538461538464 0.0889423076923077 0.19471153846153846
0 0.8028846153846154 0.19110576923076922 0.057692307692307696 0.1346153846153846
0 0.8365384615384616 0.49038461538461536 0.06490384615384616 0.1346153846153846
5 0.7908653846153846 0.1045673076923077 0.0625 0.12259615384615384
5 0.8569711538461539 0.6057692307692307 0.07932692307692307 0.13942307692307693
5 0.7884615384615384 0.05048076923076923 0.052884615384615384 0.08413461538461539
5 0.8653846153846154 0.7379807692307693 0.08173076923076923 0.13701923076923078
3 0.7007211538461539 0.04326923076923077 0.04567307692307692 0.07451923076923077
3 0.7043269230769231 0.11298076923076923 0.04807692307692308 0.0985576923076923
3 0.7127403846153846 0.19831730769230768 0.05048076923076923 0.10096153846153846
3 0.71875 0.28125 0.05048076923076923 0.11298076923076923
3 0.7319711538461539 0.38221153846153844 0.04807692307692308 0.11057692307692307
3 0.7391826923076923 0.49038461538461536 0.05048076923076923 0.11298076923076923
3 0.75 0.6057692307692307 0.052884615384615384 0.11298076923076923
3 0.7608173076923077 0.734375 0.057692307692307696 0.12259615384615384
4 0.19951923076923078 0.23677884615384615 0.07451923076923077 0.17548076923076922
1 0.18269230769230768 0.32572115384615385 0.07932692307692307 0.20192307692307693
0 0.20793269230769232 0.15745192307692307 0.06009615384615385 0.13701923076923078
0 0.1622596153846154 0.4519230769230769 0.0673076923076923 0.1466346153846154
2 0.21754807692307693 0.08052884615384616 0.0625 0.125
2 0.15384615384615385 0.59375 0.07692307692307693 0.14423076923076922
5 0.13581730769230768 0.7247596153846154 0.07692307692307693 0.14903846153846154
5 0.23076923076923078 0.030048076923076924 0.057692307692307696 0.06009615384615385
3 0.30649038461538464 0.028846153846153848 0.055288461538461536 0.057692307692307696
3 0.30288461538461536 0.09254807692307693 0.052884615384615384 0.0985576923076923
3 0.29927884615384615 0.1814903846153846 0.05048076923076923 0.10336538461538461
3 0.28846153846153844 0.27163461538461536 0.0625 0.10576923076923077
3 0.28365384615384615 0.3786057692307692 0.06490384615384616 0.11057692307692307
3 0.26802884615384615 0.484375 0.06490384615384616 0.10096153846153846
3 0.2644230769230769 0.5925480769230769 0.0673076923076923 0.11298076923076923
3 0.24759615384615385 0.7199519230769231 0.0673076923076923 0.11057692307692307