4 0.7992788461538461 0.2932692307692308 0.0673076923076923 0.14903846153846154
1 0.8004807692307693 0.3762019230769231 0.08653846153846154 0.18990384615384615
0 0.7740384615384616 0.21754807692307693 0.057692307692307696 0.13221153846153846
0 0.8076923076923077 0.5108173076923077 0.06490384615384616 0.13221153846153846
5 0.7620192307692307 0.13341346153846154 0.06009615384615385 0.1201923076923077
5 0.8269230769230769 0.625 0.07692307692307693 0.13701923076923078
5 0.7608173076923077 0.06370192307692307 0.052884615384615384 0.11298076923076923
5 0.8353365384615384 0.7524038461538461 0.08173076923076923 0.1346153846153846
3 0.6754807692307693 0.06009615384615385 0.04567307692307692 0.0985576923076923
3 0.6778846153846154 0.14182692307692307 0.04807692307692308 0.09615384615384616
3 0.6850961538461539 0.2247596153846154 0.05048076923076923 0.0985576923076923
3 0.6935096153846154 0.30649038461538464 0.05048076923076923 0.11057692307692307
3 0.7043269230769231 0.40384615384615385 0.04807692307692308 0.10817307692307693
3 0.7127403846153846 0.5108173076923077 0.04807692307692308 0.11057692307692307
3 0.7223557692307693 0.625 0.052884615384615384 0.11057692307692307
3 0.7331730769230769 0.7487980769230769 0.057692307692307696 0.1201923076923077
4 0.18509615384615385 0.26322115384615385 0.07211538461538461 0.17067307692307693
1 0.16706730769230768 0.3485576923076923 0.07692307692307693 0.1971153846153846
0 0.19110576923076922 0.18509615384615385 0.057692307692307696 0.1346153846153846
0 0.14783653846153846 0.4735576923076923 0.0673076923076923 0.14182692307692307
2 0.20192307692307693 0.109375 0.06009615384615385 0.12259615384615384
2 0.13942307692307693 0.6117788461538461 0.07451923076923077 0.14182692307692307
5 0.12139423076923077 0.7391826923076923 0.07451923076923077 0.1466346153846154
5 0.21394230769230768 0.04447115384615385 0.057692307692307696 0.0889423076923077
3 0.28846153846153844 0.04326923076923077 0.052884615384615384 0.08653846153846154
3 0.2848557692307692 0.12139423076923077 0.052884615384615384 0.09615384615384616
3 0.28125 0.2091346153846154 0.05048076923076923 0.10096153846153846
3 0.2704326923076923 0.2956730769230769 0.06009615384615385 0.10336538461538461
3 0.2668269230769231 0.40024038461538464 0.0625 0.10817307692307693
3 0.2512019230769231 0.5048076923076923 0.0625 0.10096153846153846
3 0.24759615384615385 0.6105769230769231 0.0673076923076923 0.11057692307692307
3 0.23197115384615385 0.7355769230769231 0.0673076923076923 0.10817307692307693