4 0.8052884615384616 0.31490384615384615 0.07211538461538461 0.1466346153846154
1 0.8040865384615384 0.3954326923076923 0.09375 0.18990384615384615
0 0.7860576923076923 0.23918269230769232 0.0625 0.12980769230769232
0 0.8028846153846154 0.5252403846153846 0.06971153846153846 0.12980769230769232
5 0.7776442307692307 0.15625 0.06490384615384616 0.11778846153846154
5 0.8161057692307693 0.6370192307692307 0.08173076923076923 0.1346153846153846
5 0.7800480769230769 0.09014423076923077 0.057692307692307696 0.11057692307692307
5 0.8173076923076923 0.7632211538461539 0.08653846153846154 0.1346153846153846
3 0.6971153846153846 0.08052884615384616 0.04807692307692308 0.09615384615384616
3 0.6947115384615384 0.15985576923076922 0.05048076923076923 0.09615384615384616
3 0.6983173076923077 0.24158653846153846 0.052884615384615384 0.0985576923076923
3 0.7019230769230769 0.32091346153846156 0.055288461538461536 0.10817307692307693
3 0.7079326923076923 0.4170673076923077 0.05048076923076923 0.10576923076923077
3 0.7103365384615384 0.5204326923076923 0.052884615384615384 0.11057692307692307
3 0.7139423076923077 0.6322115384615384 0.055288461538461536 0.11057692307692307
3 0.7175480769230769 0.7548076923076923 0.0625 0.1201923076923077
4 0.2091346153846154 0.25240384615384615 0.07932692307692307 0.17067307692307693
1 0.1875 0.33653846153846156 0.08413461538461539 0.1971153846153846
0 0.21875 0.17908653846153846 0.06490384615384616 0.13221153846153846
0 0.1622596153846154 0.45552884615384615 0.07211538461538461 0.14182692307692307
2 0.234375 0.10336538461538461 0.06490384615384616 0.12259615384615384
2 0.1466346153846154 0.5901442307692307 0.07932692307692307 0.14182692307692307
5 0.12259615384615384 0.7127403846153846 0.07932692307692307 0.1466346153846154
5 0.25 0.04326923076923077 0.0625 0.08653846153846154
3 0.32211538461538464 0.04326923076923077 0.057692307692307696 0.08653846153846154
3 0.3137019230769231 0.1201923076923077 0.055288461538461536 0.09615384615384616
3 0.30649038461538464 0.20552884615384615 0.055288461538461536 0.10096153846153846
3 0.29086538461538464 0.28966346153846156 0.06490384615384616 0.10336538461538461
3 0.28125 0.3918269230769231 0.06490384615384616 0.10817307692307693
3 0.2620192307692308 0.49278846153846156 0.06490384615384616 0.0985576923076923
3 0.2512019230769231 0.59375 0.06971153846153846 0.11057692307692307
3 0.23197115384615385 0.7151442307692307 0.06971153846153846 0.11057692307692307