3 0.2536057692307692 0.15625 0.04326923076923077 0.09615384615384616
3 0.6790865384615384 0.328125 0.04567307692307692 0.10336538461538461
1 0.7680288461538461 0.2800480769230769 0.07692307692307693 0.21394230769230768
3 0.5 0.24519230769230768 0.04567307692307692 0.09375
3 0.24759615384615385 0.08533653846153846 0.057692307692307696 0.10817307692307693
3 0.5637019230769231 0.15745192307692307 0.05048076923076923 0.10096153846153846
0 0.7295673076923077 0.13942307692307693 0.057692307692307696 0.13221153846153846
4 0.25600961538461536 0.19951923076923078 0.07451923076923077 0.1346153846153846
3 0.2536057692307692 0.3233173076923077 0.06009615384615385 0.12740384615384615
3 0.6466346153846154 0.07451923076923077 0.04567307692307692 0.09375
3 0.39903846153846156 0.23557692307692307 0.04807692307692308 0.11057692307692307
1 0.140625 0.40625 0.07451923076923077 0.1875
0 0.16346153846153846 0.15504807692307693 0.06971153846153846 0.15384615384615385
2 0.5048076923076923 0.33052884615384615 0.06490384615384616 0.12980769230769232
5 0.16826923076923078 0.09014423076923077 0.06971153846153846 0.15144230769230768
3 0.4266826923076923 0.5540865384615384 0.0625 0.11538461538461539
2 0.5925480769230769 0.31850961538461536 0.0625 0.14423076923076922
4 0.7067307692307693 0.41346153846153844 0.07692307692307693 0.16105769230769232
3 0.5456730769230769 0.6538461538461539 0.06009615384615385 0.10817307692307693
3 0.23557692307692307 0.6694711538461539 0.055288461538461536 0.10817307692307693
5 0.7115384615384616 0.0625 0.055288461538461536 0.10336538461538461
3 0.5961538461538461 0.5372596153846154 0.057692307692307696 0.1201923076923077
5 0.8569711538461539 0.7752403846153846 0.07692307692307693 0.14903846153846154
0 0.11899038461538461 0.6646634615384616 0.07451923076923077 0.1466346153846154
2 0.8161057692307693 0.5288461538461539 0.08413461538461539 0.12980769230769232
2 0.13942307692307693 0.5444711538461539 0.07692307692307693 0.15384615384615385
2 0.3329326923076923 0.3173076923076923 0.06490384615384616 0.1466346153846154
3 0.24519230769230768 0.4230769230769231 0.06490384615384616 0.13221153846153846
3 0.5204326923076923 0.44591346153846156 0.057692307692307696 0.11538461538461539
3 0.43509615384615385 0.7848557692307693 0.06490384615384616 0.12259615384615384
5 0.34134615384615385 0.7848557692307693 0.07451923076923077 0.15144230769230768
3 0.7512019230769231 0.7740384615384616 0.057692307692307696 0.11778846153846154