3 0.2548076923076923 0.16346153846153846 0.04567307692307692 0.09615384615384616
3 0.6850961538461539 0.33052884615384615 0.04807692307692308 0.10336538461538461
1 0.7752403846153846 0.27884615384615385 0.08173076923076923 0.21634615384615385
3 0.5048076923076923 0.25 0.04567307692307692 0.09615384615384616
3 0.24759615384615385 0.09254807692307693 0.06009615384615385 0.10817307692307693
3 0.5673076923076923 0.15985576923076922 0.052884615384615384 0.10336538461538461
0 0.734375 0.13822115384615385 0.06009615384615385 0.1346153846153846
4 0.25841346153846156 0.20673076923076922 0.07692307692307693 0.13701923076923078
3 0.25841346153846156 0.3317307692307692 0.0625 0.12980769230769232
3 0.6490384615384616 0.07451923076923077 0.04567307692307692 0.09375
3 0.4026442307692308 0.24158653846153846 0.05048076923076923 0.11057692307692307
1 0.14543269230769232 0.4170673076923077 0.07932692307692307 0.1875
0 0.1658653846153846 0.16466346153846154 0.07211538461538461 0.15625
2 0.5096153846153846 0.33533653846153844 0.0673076923076923 0.13221153846153846
5 0.16826923076923078 0.0985576923076923 0.07451923076923077 0.15384615384615385
3 0.4362980769230769 0.5600961538461539 0.06490384615384616 0.11538461538461539
2 0.5997596153846154 0.31971153846153844 0.0673076923076923 0.1466346153846154
4 0.7163461538461539 0.41466346153846156 0.07932692307692307 0.16346153846153846
3 0.5588942307692307 0.6598557692307693 0.0625 0.11057692307692307
3 0.24759615384615385 0.6790865384615384 0.057692307692307696 0.11057692307692307
5 0.7139423076923077 0.06129807692307692 0.057692307692307696 0.10336538461538461
3 0.6057692307692307 0.5408653846153846 0.06009615384615385 0.12259615384615384
5 0.8725961538461539 0.7752403846153846 0.07932692307692307 0.15144230769230768
0 0.12980769230769232 0.6766826923076923 0.07692307692307693 0.14903846153846154
2 0.828125 0.5288461538461539 0.0889423076923077 0.13221153846153846
2 0.1466346153846154 0.5564903846153846 0.07932692307692307 0.15384615384615385
2 0.3389423076923077 0.3245192307692308 0.06971153846153846 0.14903846153846154
3 0.2512019230769231 0.43149038461538464 0.0673076923076923 0.1346153846153846
3 0.5300480769230769 0.4495192307692308 0.06009615384615385 0.11778846153846154
3 0.4483173076923077 0.7920673076923077 0.06971153846153846 0.125
5 0.3545673076923077 0.7932692307692307 0.07692307692307693 0.15144230769230768
3 0.7668269230769231 0.7764423076923077 0.0625 0.1201923076923077