3 0.23677884615384615 0.18990384615384615 0.04567307692307692 0.10096153846153846
3 0.6814903846153846 0.3629807692307692 0.05048076923076923 0.10817307692307693
1 0.7752403846153846 0.3088942307692308 0.08413461538461539 0.22355769230769232
3 0.4951923076923077 0.27884615384615385 0.04807692307692308 0.0985576923076923
3 0.22956730769230768 0.11658653846153846 0.0625 0.11298076923076923
3 0.5600961538461539 0.18629807692307693 0.055288461538461536 0.10576923076923077
0 0.7307692307692307 0.16346153846153846 0.0625 0.13942307692307693
4 0.2403846153846154 0.234375 0.07932692307692307 0.13942307692307693
3 0.2403846153846154 0.3629807692307692 0.06490384615384616 0.1346153846153846
3 0.6430288461538461 0.0985576923076923 0.04807692307692308 0.0985576923076923
3 0.3894230769230769 0.2704326923076923 0.052884615384615384 0.11538461538461539
1 0.12379807692307693 0.4519230769230769 0.08173076923076923 0.19471153846153846
0 0.14423076923076922 0.18990384615384615 0.07451923076923077 0.16105769230769232
2 0.5 0.36658653846153844 0.06971153846153846 0.13701923076923078
5 0.14783653846153846 0.12259615384615384 0.07692307692307693 0.15865384615384615
3 0.42427884615384615 0.5997596153846154 0.0673076923076923 0.1201923076923077
2 0.59375 0.35096153846153844 0.0673076923076923 0.15144230769230768
4 0.7139423076923077 0.4495192307692308 0.08173076923076923 0.16826923076923078
3 0.5504807692307693 0.703125 0.06490384615384616 0.11538461538461539
3 0.2283653846153846 0.7235576923076923 0.06009615384615385 0.11298076923076923
5 0.7115384615384616 0.08413461538461539 0.06009615384615385 0.10817307692307693
3 0.5985576923076923 0.5793269230769231 0.0625 0.125
5 0.8762019230769231 0.8221153846153846 0.08173076923076923 0.15625
0 0.10697115384615384 0.7211538461538461 0.07932692307692307 0.15384615384615385
2 0.828125 0.5685096153846154 0.09134615384615384 0.1346153846153846
2 0.12620192307692307 0.5961538461538461 0.08173076923076923 0.16105769230769232
2 0.3233173076923077 0.3557692307692308 0.06971153846153846 0.15384615384615385
3 0.23317307692307693 0.4675480769230769 0.06971153846153846 0.13701923076923078
3 0.5204326923076923 0.484375 0.0625 0.1201923076923077
3 0.4375 0.8389423076923077 0.06971153846153846 0.12980769230769232
5 0.3401442307692308 0.8413461538461539 0.07932692307692307 0.15625
3 0.7668269230769231 0.8233173076923077 0.0625 0.12259615384615384