1 0.7740384615384616 0.29447115384615385 0.07211538461538461 0.1971153846153846
4 0.7055288461538461 0.41947115384615385 0.06971153846153846 0.18269230769230768
5 0.8497596153846154 0.7884615384615384 0.07932692307692307 0.13701923076923078
5 0.734375 0.07692307692307693 0.057692307692307696 0.1201923076923077
0 0.35096153846153844 0.5420673076923077 0.06490384615384616 0.1466346153846154
0 0.6502403846153846 0.07211538461538461 0.052884615384615384 0.14423076923076922
2 0.6045673076923077 0.3401442307692308 0.057692307692307696 0.14423076923076922
2 0.6454326923076923 0.6646634615384616 0.0673076923076923 0.13701923076923078
3 0.5961538461538461 0.546875 0.06009615384615385 0.11778846153846154
3 0.7403846153846154 0.7908653846153846 0.0625 0.11538461538461539
3 0.6826923076923077 0.3425480769230769 0.04326923076923077 0.11057692307692307
3 0.5745192307692307 0.171875 0.04326923076923077 0.11057692307692307
3 0.5036057692307693 0.0829326923076923 0.04807692307692308 0.10576923076923077
3 0.5120192307692307 0.25961538461538464 0.04807692307692308 0.11298076923076923
3 0.3485576923076923 0.4519230769230769 0.04807692307692308 0.10576923076923077
3 0.5408653846153846 0.6694711538461539 0.05048076923076923 0.11538461538461539
5 0.18629807692307693 0.08173076923076923 0.052884615384615384 0.1201923076923077
5 0.3389423076923077 0.7848557692307693 0.0673076923076923 0.1466346153846154
4 0.265625 0.21634615384615385 0.0673076923076923 0.17307692307692307
1 0.1502403846153846 0.4050480769230769 0.07451923076923077 0.1971153846153846
0 0.17548076923076922 0.14543269230769232 0.057692307692307696 0.13942307692307693
0 0.13221153846153846 0.6670673076923077 0.06971153846153846 0.14182692307692307
2 0.15264423076923078 0.5480769230769231 0.07692307692307693 0.1346153846153846
2 0.3449519230769231 0.32572115384615385 0.057692307692307696 0.1346153846153846
3 0.41225961538461536 0.2403846153846154 0.04807692307692308 0.11057692307692307
3 0.40625 0.07692307692307693 0.04807692307692308 0.10576923076923077
3 0.2644230769230769 0.15985576923076922 0.04807692307692308 0.10096153846153846
3 0.25240384615384615 0.33774038461538464 0.04807692307692308 0.11057692307692307
3 0.23798076923076922 0.671875 0.057692307692307696 0.11538461538461539
3 0.2512019230769231 0.43509615384615385 0.055288461538461536 0.11538461538461539
3 0.4266826923076923 0.5600961538461539 0.04807692307692308 0.11538461538461539
3 0.4411057692307692 0.7992788461538461 0.057692307692307696 0.1201923076923077