1 0.7487980769230769 0.2644230769230769 0.09134615384615384 0.20192307692307693
4 0.6935096153846154 0.3954326923076923 0.0889423076923077 0.1875
5 0.8737980769230769 0.7451923076923077 0.09375 0.14423076923076922
5 0.6875 0.06009615384615385 0.07211538461538461 0.1201923076923077
0 0.3581730769230769 0.5528846153846154 0.07932692307692307 0.15144230769230768
0 0.6045673076923077 0.0673076923076923 0.07451923076923077 0.1346153846153846
2 0.5853365384615384 0.328125 0.07211538461538461 0.14903846153846154
2 0.6598557692307693 0.6442307692307693 0.08173076923076923 0.14182692307692307
3 0.5985576923076923 0.5336538461538461 0.06971153846153846 0.12259615384615384
3 0.7668269230769231 0.7584134615384616 0.07451923076923077 0.1201923076923077
3 0.6634615384615384 0.32211538461538464 0.055288461538461536 0.11298076923076923
3 0.5396634615384616 0.16466346153846154 0.055288461538461536 0.11298076923076923
3 0.46033653846153844 0.08533653846153846 0.057692307692307696 0.10817307692307693
3 0.48677884615384615 0.25721153846153844 0.057692307692307696 0.11538461538461539
3 0.3449519230769231 0.4639423076923077 0.057692307692307696 0.11057692307692307
3 0.5576923076923077 0.6586538461538461 0.0625 0.1201923076923077
5 0.14783653846153846 0.11658653846153846 0.06490384615384616 0.12259615384615384
5 0.3701923076923077 0.7932692307692307 0.07932692307692307 0.15144230769230768
4 0.23918269230769232 0.2403846153846154 0.08653846153846154 0.17548076923076922
1 0.14543269230769232 0.4387019230769231 0.09375 0.19951923076923078
0 0.14423076923076922 0.18028846153846154 0.06971153846153846 0.14423076923076922
0 0.15504807692307693 0.6995192307692307 0.08173076923076923 0.1466346153846154
2 0.1622596153846154 0.5793269230769231 0.0889423076923077 0.14182692307692307
2 0.328125 0.3401442307692308 0.07211538461538461 0.13701923076923078
3 0.3870192307692308 0.25 0.06009615384615385 0.11298076923076923
3 0.3641826923076923 0.0889423076923077 0.057692307692307696 0.11057692307692307
3 0.23197115384615385 0.18509615384615385 0.057692307692307696 0.10336538461538461
3 0.23918269230769232 0.36177884615384615 0.06009615384615385 0.11298076923076923
3 0.25961538461538464 0.6935096153846154 0.06971153846153846 0.1201923076923077
3 0.24759615384615385 0.4579326923076923 0.06490384615384616 0.1201923076923077
3 0.4326923076923077 0.5625 0.06009615384615385 0.11778846153846154
3 0.4723557692307692 0.796875 0.06971153846153846 0.12259615384615384