1 0.7824519230769231 0.296875 0.07932692307692307 0.19951923076923078
4 0.7091346153846154 0.4206730769230769 0.07692307692307693 0.18509615384615385
5 0.8413461538461539 0.7944711538461539 0.08413461538461539 0.13942307692307693
5 0.75 0.078125 0.0625 0.12259615384615384
0 0.35096153846153844 0.5300480769230769 0.06971153846153846 0.14903846153846154
0 0.6658653846153846 0.07451923076923077 0.057692307692307696 0.13942307692307693
2 0.6105769230769231 0.33653846153846156 0.0625 0.1466346153846154
2 0.640625 0.6634615384615384 0.07211538461538461 0.13942307692307693
3 0.5961538461538461 0.5444711538461539 0.06490384615384616 0.1201923076923077
3 0.7319711538461539 0.7932692307692307 0.0673076923076923 0.11778846153846154
3 0.6899038461538461 0.3425480769230769 0.04807692307692308 0.11057692307692307
3 0.5877403846153846 0.16706730769230768 0.04807692307692308 0.11057692307692307
3 0.5192307692307693 0.07692307692307693 0.052884615384615384 0.10817307692307693
3 0.5204326923076923 0.25240384615384615 0.05048076923076923 0.11538461538461539
3 0.35096153846153844 0.43990384615384615 0.05048076923076923 0.10817307692307693
3 0.5360576923076923 0.6634615384615384 0.055288461538461536 0.11778846153846154
5 0.203125 0.06370192307692307 0.055288461538461536 0.1201923076923077
5 0.3293269230769231 0.7716346153846154 0.07211538461538461 0.14903846153846154
4 0.2776442307692308 0.20192307692307693 0.07451923076923077 0.17307692307692307
1 0.15504807692307693 0.3858173076923077 0.08173076923076923 0.19951923076923078
0 0.18990384615384615 0.12740384615384615 0.0625 0.14182692307692307
0 0.12860576923076922 0.6478365384615384 0.07451923076923077 0.14423076923076922
2 0.15144230769230768 0.5288461538461539 0.07932692307692307 0.13942307692307693
2 0.35216346153846156 0.31490384615384615 0.0625 0.1346153846153846
3 0.4230769230769231 0.23076923076923078 0.052884615384615384 0.11298076923076923
3 0.421875 0.0673076923076923 0.052884615384615384 0.10817307692307693
3 0.2776442307692308 0.14423076923076922 0.052884615384615384 0.10336538461538461
3 0.25961538461538464 0.32211538461538464 0.052884615384615384 0.11057692307692307
3 0.23197115384615385 0.65625 0.0625 0.11778846153846154
3 0.2536057692307692 0.4206730769230769 0.06009615384615385 0.11778846153846154
3 0.4254807692307692 0.5516826923076923 0.052884615384615384 0.11538461538461539
3 0.43149038461538464 0.7896634615384616 0.0625 0.1201923076923077