5 0.7199519230769231 0.0733173076923077 0.06009615384615385 0.125
5 0.859375 0.7716346153846154 0.07932692307692307 0.13942307692307693
1 0.7668269230769231 0.28725961538461536 0.07932692307692307 0.19951923076923078
4 0.7067307692307693 0.4014423076923077 0.07211538461538461 0.16826923076923078
3 0.6778846153846154 0.33533653846153844 0.04567307692307692 0.10817307692307693
3 0.7548076923076923 0.7740384615384616 0.06009615384615385 0.11298076923076923
2 0.8197115384615384 0.5336538461538461 0.07692307692307693 0.12980769230769232
2 0.6021634615384616 0.33533653846153844 0.06009615384615385 0.13942307692307693
0 0.640625 0.07211538461538461 0.055288461538461536 0.13701923076923078
0 0.5108173076923077 0.3317307692307692 0.0673076923076923 0.14182692307692307
3 0.49399038461538464 0.08533653846153846 0.04567307692307692 0.10336538461538461
3 0.5661057692307693 0.16947115384615385 0.04567307692307692 0.10336538461538461
3 0.5072115384615384 0.26322115384615385 0.05048076923076923 0.10817307692307693
3 0.53125 0.4411057692307692 0.04807692307692308 0.10817307692307693
3 0.6021634615384616 0.5408653846153846 0.052884615384615384 0.11298076923076923
3 0.5504807692307693 0.6646634615384616 0.057692307692307696 0.11778846153846154
2 0.3449519230769231 0.33052884615384615 0.0625 0.13942307692307693
2 0.15985576923076922 0.5552884615384616 0.07932692307692307 0.1346153846153846
1 0.15985576923076922 0.4170673076923077 0.07692307692307693 0.19471153846153846
0 0.14783653846153846 0.6766826923076923 0.07211538461538461 0.14182692307692307
0 0.17427884615384615 0.15865384615384615 0.0625 0.13701923076923078
5 0.18269230769230768 0.0985576923076923 0.052884615384615384 0.125
5 0.3557692307692308 0.7836538461538461 0.07211538461538461 0.14182692307692307
3 0.2512019230769231 0.6754807692307693 0.057692307692307696 0.11298076923076923
3 0.25721153846153844 0.44471153846153844 0.057692307692307696 0.10336538461538461
3 0.2548076923076923 0.3473557692307692 0.052884615384615384 0.10336538461538461
4 0.26322115384615385 0.22716346153846154 0.07692307692307693 0.16826923076923078
3 0.2620192307692308 0.16826923076923078 0.04567307692307692 0.09615384615384616
3 0.39903846153846156 0.08774038461538461 0.04807692307692308 0.10336538461538461
3 0.40865384615384615 0.24519230769230768 0.04807692307692308 0.10336538461538461
3 0.4326923076923077 0.5600961538461539 0.055288461538461536 0.11057692307692307
3 0.4567307692307692 0.7896634615384616 0.0625 0.11538461538461539