5 0.7355769230769231 0.08774038461538461 0.057692307692307696 0.125
5 0.8545673076923077 0.8028846153846154 0.07692307692307693 0.13942307692307693
1 0.7764423076923077 0.30649038461538464 0.07451923076923077 0.20192307692307693
4 0.7115384615384616 0.4206730769230769 0.0673076923076923 0.16826923076923078
3 0.6850961538461539 0.35216346153846156 0.04326923076923077 0.10576923076923077
3 0.7463942307692307 0.8016826923076923 0.057692307692307696 0.11298076923076923
2 0.8221153846153846 0.5600961538461539 0.07451923076923077 0.12980769230769232
2 0.6069711538461539 0.34975961538461536 0.057692307692307696 0.14182692307692307
0 0.6538461538461539 0.0829326923076923 0.052884615384615384 0.13942307692307693
0 0.5132211538461539 0.3425480769230769 0.0625 0.14182692307692307
3 0.5048076923076923 0.09134615384615384 0.04326923076923077 0.10096153846153846
3 0.5769230769230769 0.18028846153846154 0.04326923076923077 0.10576923076923077
3 0.5120192307692307 0.27163461538461536 0.04807692307692308 0.10817307692307693
3 0.53125 0.45552884615384615 0.04567307692307692 0.10576923076923077
3 0.5985576923076923 0.5600961538461539 0.04807692307692308 0.11538461538461539
3 0.5408653846153846 0.6826923076923077 0.055288461538461536 0.11778846153846154
2 0.34375 0.33653846153846156 0.06009615384615385 0.13942307692307693
2 0.14903846153846154 0.5588942307692307 0.07692307692307693 0.1346153846153846
1 0.15264423076923078 0.4182692307692308 0.07211538461538461 0.1971153846153846
0 0.1310096153846154 0.6814903846153846 0.0673076923076923 0.14182692307692307
0 0.17668269230769232 0.15504807692307693 0.057692307692307696 0.13942307692307693
5 0.1875 0.09375 0.04807692307692308 0.125
5 0.3401442307692308 0.7980769230769231 0.06971153846153846 0.14182692307692307
3 0.23677884615384615 0.6850961538461539 0.052884615384615384 0.11298076923076923
3 0.2512019230769231 0.4483173076923077 0.055288461538461536 0.10576923076923077
3 0.25240384615384615 0.34975961538461536 0.052884615384615384 0.10336538461538461
4 0.265625 0.22716346153846154 0.07211538461538461 0.16826923076923078
3 0.265625 0.16706730769230768 0.04326923076923077 0.09615384615384616
3 0.40865384615384615 0.09014423076923077 0.04567307692307692 0.10336538461538461
3 0.4110576923076923 0.25 0.04807692307692308 0.10576923076923077
3 0.4254807692307692 0.5733173076923077 0.052884615384615384 0.11057692307692307
3 0.44350961538461536 0.8076923076923077 0.057692307692307696 0.11538461538461539