5 0.7596153846153846 0.06490384615384616 0.0625 0.12980769230769232
5 0.8930288461538461 0.7992788461538461 0.08173076923076923 0.1466346153846154
1 0.8040865384615384 0.28966346153846156 0.08173076923076923 0.2091346153846154
4 0.7391826923076923 0.4074519230769231 0.07211538461538461 0.17548076923076922
3 0.7103365384615384 0.33774038461538464 0.04567307692307692 0.11057692307692307
3 0.78125 0.8004807692307693 0.06009615384615385 0.11778846153846154
2 0.8557692307692307 0.5492788461538461 0.07932692307692307 0.1346153846153846
2 0.6298076923076923 0.33533653846153844 0.0625 0.1466346153846154
0 0.6742788461538461 0.0673076923076923 0.06009615384615385 0.1346153846153846
0 0.5336538461538461 0.3293269230769231 0.0673076923076923 0.1466346153846154
3 0.5192307692307693 0.07211538461538461 0.04567307692307692 0.10576923076923077
3 0.5949519230769231 0.1622596153846154 0.04807692307692308 0.10817307692307693
3 0.5300480769230769 0.25841346153846156 0.05048076923076923 0.11298076923076923
3 0.5528846153846154 0.44711538461538464 0.04807692307692308 0.11057692307692307
3 0.625 0.5528846153846154 0.052884615384615384 0.11778846153846154
3 0.5685096153846154 0.6814903846153846 0.06009615384615385 0.12259615384615384
2 0.35697115384615385 0.328125 0.06490384615384616 0.14423076923076922
2 0.15985576923076922 0.5600961538461539 0.08413461538461539 0.14182692307692307
1 0.1622596153846154 0.41466346153846156 0.07932692307692307 0.20673076923076922
0 0.14423076923076922 0.6875 0.07451923076923077 0.14903846153846154
0 0.1814903846153846 0.14423076923076922 0.0625 0.14423076923076922
5 0.19110576923076922 0.078125 0.052884615384615384 0.12980769230769232
5 0.3605769230769231 0.8040865384615384 0.07451923076923077 0.14903846153846154
3 0.2536057692307692 0.6899038461538461 0.057692307692307696 0.11778846153846154
3 0.26322115384615385 0.44471153846153844 0.06009615384615385 0.10817307692307693
3 0.2644230769230769 0.3425480769230769 0.055288461538461536 0.10817307692307693
4 0.27403846153846156 0.21514423076923078 0.07692307692307693 0.17548076923076922
3 0.27403846153846156 0.15384615384615385 0.04567307692307692 0.10096153846153846
3 0.41947115384615385 0.07091346153846154 0.04807692307692308 0.10817307692307693
3 0.4254807692307692 0.23677884615384615 0.05048076923076923 0.10817307692307693
3 0.44591346153846156 0.5709134615384616 0.057692307692307696 0.11538461538461539
3 0.46875 0.8137019230769231 0.0625 0.1201923076923077