1 0.7487980769230769 0.23557692307692307 0.10336538461538461 0.22355769230769232
2 0.5673076923076923 0.2920673076923077 0.07451923076923077 0.15865384615384615
2 0.44350961538461536 0.7788461538461539 0.08653846153846154 0.1778846153846154
5 0.5192307692307693 0.04567307692307692 0.07211538461538461 0.09134615384615384
5 0.4987980769230769 0.4014423076923077 0.07932692307692307 0.15384615384615385
3 0.765625 0.7524038461538461 0.07692307692307693 0.13701923076923078
3 0.6610576923076923 0.28846153846153844 0.0673076923076923 0.12259615384615384
3 0.5997596153846154 0.5060096153846154 0.06490384615384616 0.12980769230769232
3 0.5408653846153846 0.6454326923076923 0.07211538461538461 0.12740384615384615
3 0.47596153846153844 0.22115384615384615 0.0673076923076923 0.11538461538461539
3 0.4423076923076923 0.12379807692307693 0.06490384615384616 0.1201923076923077
0 0.5528846153846154 0.10096153846153846 0.06971153846153846 0.1658653846153846
0 0.3293269230769231 0.5288461538461539 0.08653846153846154 0.1658653846153846
4 0.2848557692307692 0.11177884615384616 0.07932692307692307 0.19471153846153846
2 0.22716346153846154 0.8076923076923077 0.09375 0.18028846153846154
2 0.30408653846153844 0.3004807692307692 0.07692307692307693 0.15144230769230768
0 0.32211538461538464 0.41225961538461536 0.07211538461538461 0.15384615384615385
0 0.11177884615384616 0.12980769230769232 0.08653846153846154 0.15865384615384615
5 0.1201923076923077 0.08173076923076923 0.06971153846153846 0.10576923076923077
1 0.11298076923076923 0.4050480769230769 0.10336538461538461 0.22355769230769232
3 0.3473557692307692 0.056490384615384616 0.06490384615384616 0.09375
3 0.2091346153846154 0.13942307692307693 0.0625 0.11538461538461539
3 0.2091346153846154 0.3233173076923077 0.0625 0.11298076923076923
3 0.21754807692307693 0.4266826923076923 0.0673076923076923 0.12259615384615384
3 0.22956730769230768 0.6754807692307693 0.07211538461538461 0.12980769230769232