1 0.7848557692307693 0.30528846153846156 0.08653846153846154 0.2091346153846154
2 0.6069711538461539 0.33774038461538464 0.0625 0.14903846153846154
2 0.4338942307692308 0.7824519230769231 0.07451923076923077 0.1658653846153846
5 0.5901442307692307 0.07211538461538461 0.0625 0.13221153846153846
5 0.5300480769230769 0.4326923076923077 0.0673076923076923 0.14182692307692307
3 0.7415865384615384 0.7944711538461539 0.0673076923076923 0.12740384615384615
3 0.6971153846153846 0.3449519230769231 0.057692307692307696 0.11298076923076923
3 0.6129807692307693 0.5432692307692307 0.055288461538461536 0.1201923076923077
3 0.5408653846153846 0.6670673076923077 0.0625 0.11778846153846154
3 0.5288461538461539 0.25961538461538464 0.06009615384615385 0.10817307692307693
3 0.5084134615384616 0.16346153846153846 0.055288461538461536 0.11298076923076923
0 0.6165865384615384 0.15504807692307693 0.057692307692307696 0.15384615384615385
0 0.3545673076923077 0.5336538461538461 0.07451923076923077 0.15384615384615385
4 0.36177884615384615 0.1346153846153846 0.06490384615384616 0.18269230769230768
2 0.22716346153846154 0.7836538461538461 0.07932692307692307 0.16826923076923078
2 0.35697115384615385 0.31490384615384615 0.06490384615384616 0.13942307692307693
0 0.3605769230769231 0.421875 0.0625 0.14423076923076922
0 0.19591346153846154 0.1310096153846154 0.07451923076923077 0.1466346153846154
5 0.21033653846153846 0.07211538461538461 0.0625 0.125
1 0.16466346153846154 0.390625 0.08653846153846154 0.2091346153846154
3 0.42788461538461536 0.07451923076923077 0.055288461538461536 0.11298076923076923
3 0.2860576923076923 0.15264423076923078 0.055288461538461536 0.10817307692307693
3 0.265625 0.3245192307692308 0.052884615384615384 0.10576923076923077
3 0.2608173076923077 0.42427884615384615 0.057692307692307696 0.11538461538461539
3 0.24278846153846154 0.6610576923076923 0.06490384615384616 0.1201923076923077