1 0.7764423076923077 0.2860576923076923 0.0889423076923077 0.21394230769230768
2 0.5961538461538461 0.3317307692307692 0.06490384615384616 0.15384615384615385
2 0.4519230769230769 0.8004807692307693 0.07451923076923077 0.17067307692307693
5 0.5625 0.06610576923076923 0.0673076923076923 0.13221153846153846
5 0.5240384615384616 0.4338942307692308 0.06971153846153846 0.1466346153846154
3 0.7680288461538461 0.7896634615384616 0.06971153846153846 0.13221153846153846
3 0.6887019230769231 0.3317307692307692 0.06009615384615385 0.11778846153846154
3 0.6177884615384616 0.5420673076923077 0.057692307692307696 0.125
3 0.5528846153846154 0.6742788461538461 0.06490384615384616 0.12259615384615384
3 0.5108173076923077 0.25721153846153844 0.06009615384615385 0.11057692307692307
3 0.4831730769230769 0.15985576923076922 0.057692307692307696 0.11538461538461539
0 0.59375 0.14302884615384615 0.06009615384615385 0.15865384615384615
0 0.35096153846153844 0.5492788461538461 0.07692307692307693 0.15865384615384615
4 0.3293269230769231 0.140625 0.0673076923076923 0.1875
2 0.23918269230769232 0.8173076923076923 0.08173076923076923 0.17307692307692307
2 0.3389423076923077 0.32572115384615385 0.06971153846153846 0.14423076923076922
0 0.35096153846153844 0.43509615384615385 0.06490384615384616 0.1466346153846154
0 0.16105769230769232 0.1502403846153846 0.07692307692307693 0.15144230769230768
5 0.171875 0.08774038461538461 0.0625 0.12980769230769232
1 0.14783653846153846 0.4170673076923077 0.0889423076923077 0.21634615384615385
3 0.3954326923076923 0.0733173076923077 0.057692307692307696 0.11538461538461539
3 0.2548076923076923 0.16466346153846154 0.057692307692307696 0.11057692307692307
3 0.24639423076923078 0.3425480769230769 0.055288461538461536 0.10817307692307693
3 0.24879807692307693 0.44471153846153844 0.06009615384615385 0.11778846153846154
3 0.24639423076923078 0.6875 0.06490384615384616 0.12259615384615384