0 0.7055288461538461 0.6237980769230769 0.07692307692307693 0.13942307692307693
1 0.7944711538461539 0.37740384615384615 0.08653846153846154 0.20673076923076922
4 0.6069711538461539 0.2980769230769231 0.0673076923076923 0.18028846153846154
5 0.8317307692307693 0.7487980769230769 0.08653846153846154 0.13942307692307693
5 0.6045673076923077 0.06850961538461539 0.052884615384615384 0.1201923076923077
3 0.6766826923076923 0.14903846153846154 0.04807692307692308 0.10817307692307693
3 0.6862980769230769 0.23317307692307693 0.052884615384615384 0.10576923076923077
3 0.7055288461538461 0.41225961538461536 0.057692307692307696 0.11057692307692307
3 0.7091346153846154 0.515625 0.057692307692307696 0.11057692307692307
3 0.6322115384615384 0.7487980769230769 0.0625 0.1201923076923077
3 0.5336538461538461 0.0673076923076923 0.05048076923076923 0.11057692307692307
3 0.5276442307692307 0.30288461538461536 0.052884615384615384 0.10817307692307693
2 0.6033653846153846 0.13701923076923078 0.057692307692307696 0.13701923076923078
2 0.44591346153846156 0.3942307692307692 0.0625 0.1466346153846154
4 0.3701923076923077 0.29086538461538464 0.07211538461538461 0.17307692307692307
5 0.2439903846153846 0.734375 0.07211538461538461 0.1346153846153846
5 0.22115384615384615 0.051682692307692304 0.0673076923076923 0.10336538461538461
1 0.17427884615384615 0.35216346153846156 0.08173076923076923 0.1971153846153846
0 0.15625 0.47836538461538464 0.0673076923076923 0.13942307692307693
2 0.375 0.18629807692307693 0.057692307692307696 0.13221153846153846
2 0.15745192307692307 0.59375 0.07932692307692307 0.1466346153846154
3 0.44350961538461536 0.29927884615384615 0.052884615384615384 0.10817307692307693
3 0.3016826923076923 0.052884615384615384 0.055288461538461536 0.10576923076923077
3 0.296875 0.21033653846153846 0.052884615384615384 0.10576923076923077
3 0.27524038461538464 0.4026442307692308 0.06490384615384616 0.10817307692307693
3 0.2620192307692308 0.5072115384615384 0.06009615384615385 0.10576923076923077
3 0.25841346153846156 0.6105769230769231 0.0625 0.11298076923076923
3 0.4411057692307692 0.7391826923076923 0.06009615384615385 0.1201923076923077