0 0.7175480769230769 0.5949519230769231 0.08413461538461539 0.14182692307692307
1 0.7752403846153846 0.33774038461538464 0.0985576923076923 0.21153846153846154
4 0.5793269230769231 0.28125 0.07692307692307693 0.18509615384615385
5 0.8581730769230769 0.703125 0.09375 0.14182692307692307
5 0.5504807692307693 0.057692307692307696 0.0625 0.11538461538461539
3 0.6310096153846154 0.12259615384615384 0.055288461538461536 0.11057692307692307
3 0.6502403846153846 0.20552884615384615 0.06009615384615385 0.10817307692307693
3 0.6911057692307693 0.38221153846153844 0.06490384615384616 0.11298076923076923
3 0.7079326923076923 0.4855769230769231 0.0625 0.11298076923076923
3 0.6598557692307693 0.7271634615384616 0.0673076923076923 0.125
3 0.47716346153846156 0.05889423076923077 0.055288461538461536 0.11298076923076923
3 0.5 0.29447115384615385 0.057692307692307696 0.11057692307692307
2 0.5564903846153846 0.1201923076923077 0.06490384615384616 0.14182692307692307
2 0.43028846153846156 0.39663461538461536 0.06971153846153846 0.15144230769230768
4 0.34134615384615385 0.30288461538461536 0.08173076923076923 0.1778846153846154
5 0.2704326923076923 0.7596153846153846 0.07932692307692307 0.13942307692307693
5 0.1622596153846154 0.07932692307692307 0.06971153846153846 0.10817307692307693
1 0.15504807692307693 0.38822115384615385 0.09134615384615384 0.19951923076923078
0 0.15144230769230768 0.5144230769230769 0.07451923076923077 0.14423076923076922
2 0.33533653846153844 0.19831730769230768 0.0673076923076923 0.1346153846153846
2 0.1658653846153846 0.6310096153846154 0.0889423076923077 0.15144230769230768
3 0.41586538461538464 0.3016826923076923 0.057692307692307696 0.11057692307692307
3 0.24278846153846154 0.07211538461538461 0.06009615384615385 0.10817307692307693
3 0.25961538461538464 0.23076923076923078 0.057692307692307696 0.10817307692307693
3 0.2620192307692308 0.4254807692307692 0.06971153846153846 0.11057692307692307
3 0.25961538461538464 0.5300480769230769 0.06490384615384616 0.10817307692307693
3 0.2692307692307692 0.6346153846153846 0.0673076923076923 0.11538461538461539
3 0.4675480769230769 0.7415865384615384 0.06490384615384616 0.125