0 0.7223557692307693 0.6189903846153846 0.08173076923076923 0.14423076923076922
1 0.7920673076923077 0.3581730769230769 0.09615384615384616 0.21394230769230768
4 0.5925480769230769 0.2932692307692308 0.07211538461538461 0.1875
5 0.8641826923076923 0.7355769230769231 0.09134615384615384 0.14423076923076922
5 0.5709134615384616 0.06009615384615385 0.06009615384615385 0.1201923076923077
3 0.6514423076923077 0.1346153846153846 0.052884615384615384 0.11057692307692307
3 0.6682692307692307 0.21875 0.057692307692307696 0.11057692307692307
3 0.703125 0.4014423076923077 0.0625 0.11538461538461539
3 0.7175480769230769 0.5084134615384616 0.06009615384615385 0.11538461538461539
3 0.6586538461538461 0.7536057692307693 0.06490384615384616 0.125
3 0.4963942307692308 0.0625 0.052884615384615384 0.11538461538461539
3 0.5120192307692307 0.30528846153846156 0.055288461538461536 0.11057692307692307
2 0.5745192307692307 0.12740384615384615 0.0625 0.14423076923076922
2 0.4362980769230769 0.4074519230769231 0.0673076923076923 0.15384615384615385
4 0.3485576923076923 0.30649038461538464 0.07692307692307693 0.18028846153846154
5 0.25961538461538464 0.7740384615384616 0.07692307692307693 0.13942307692307693
5 0.17307692307692307 0.07091346153846154 0.0673076923076923 0.11057692307692307
1 0.15264423076923078 0.38822115384615385 0.08653846153846154 0.20432692307692307
0 0.14543269230769232 0.5180288461538461 0.07451923076923077 0.14423076923076922
2 0.3449519230769231 0.19951923076923078 0.0625 0.13701923076923078
2 0.15745192307692307 0.6382211538461539 0.08413461538461539 0.15384615384615385
3 0.4254807692307692 0.31009615384615385 0.055288461538461536 0.11298076923076923
3 0.2548076923076923 0.06610576923076923 0.057692307692307696 0.11057692307692307
3 0.2668269230769231 0.23076923076923078 0.055288461538461536 0.11057692307692307
3 0.2620192307692308 0.43028846153846156 0.0673076923076923 0.11057692307692307
3 0.25600961538461536 0.5384615384615384 0.0625 0.11057692307692307
3 0.2620192307692308 0.6466346153846154 0.06490384615384616 0.11778846153846154
3 0.46153846153846156 0.7620192307692307 0.06490384615384616 0.125