2 0.42427884615384615 0.12259615384615384 0.06971153846153846 0.15144230769230768
2 0.18629807692307693 0.7764423076923077 0.09134615384615384 0.17067307692307693
1 0.13221153846153846 0.3713942307692308 0.10096153846153846 0.2283653846153846
4 0.33533653846153844 0.11057692307692307 0.07932692307692307 0.1875
5 0.18629807692307693 0.055288461538461536 0.08413461538461539 0.11057692307692307
0 0.17067307692307693 0.10216346153846154 0.07692307692307693 0.15625
0 0.3329326923076923 0.40024038461538464 0.07451923076923077 0.15865384615384615
3 0.4110576923076923 0.051682692307692304 0.0673076923076923 0.10336538461538461
3 0.25961538461538464 0.1201923076923077 0.0625 0.11057692307692307
3 0.23557692307692307 0.29927884615384615 0.0673076923076923 0.12259615384615384
3 0.20673076923076922 0.6418269230769231 0.0673076923076923 0.12740384615384615
3 0.23197115384615385 0.4050480769230769 0.0673076923076923 0.12740384615384615
1 0.7704326923076923 0.28966346153846156 0.0985576923076923 0.22115384615384615
2 0.5913461538461539 0.31971153846153844 0.06971153846153846 0.16105769230769232
2 0.4014423076923077 0.7764423076923077 0.08173076923076923 0.1658653846153846
5 0.5733173076923077 0.05889423076923077 0.0625 0.11298076923076923
5 0.5060096153846154 0.4182692307692308 0.07211538461538461 0.14903846153846154
0 0.5997596153846154 0.13341346153846154 0.057692307692307696 0.16105769230769232
0 0.33052884615384615 0.5228365384615384 0.07451923076923077 0.16105769230769232
3 0.5072115384615384 0.23918269230769232 0.055288461538461536 0.11778846153846154
3 0.48677884615384615 0.140625 0.057692307692307696 0.11057692307692307
3 0.6826923076923077 0.33533653846153844 0.0625 0.1201923076923077
3 0.7199519230769231 0.796875 0.06971153846153846 0.12980769230769232
3 0.5889423076923077 0.5336538461538461 0.06009615384615385 0.13701923076923078
3 0.515625 0.6574519230769231 0.0673076923076923 0.13221153846153846