2 0.421875 0.11899038461538461 0.07692307692307693 0.15625
2 0.27283653846153844 0.8137019230769231 0.10096153846153846 0.1778846153846154
1 0.16346153846153846 0.41225961538461536 0.11298076923076923 0.23557692307692307
4 0.33052884615384615 0.1201923076923077 0.08653846153846154 0.19230769230769232
5 0.17067307692307693 0.0829326923076923 0.08413461538461539 0.11778846153846154
0 0.16105769230769232 0.1346153846153846 0.08413461538461539 0.16346153846153846
0 0.36778846153846156 0.41225961538461536 0.08173076923076923 0.16346153846153846
3 0.39663461538461536 0.052884615384615384 0.06971153846153846 0.09615384615384616
3 0.2548076923076923 0.140625 0.0673076923076923 0.11298076923076923
3 0.25721153846153844 0.32572115384615385 0.07211538461538461 0.12740384615384615
3 0.2764423076923077 0.6766826923076923 0.07211538461538461 0.13221153846153846
3 0.2668269230769231 0.4326923076923077 0.07211538461538461 0.1346153846153846
1 0.796875 0.23918269230769232 0.10817307692307693 0.2283653846153846
2 0.6177884615384616 0.29447115384615385 0.07692307692307693 0.16826923076923078
2 0.49278846153846156 0.7836538461538461 0.09134615384615384 0.17067307692307693
5 0.5649038461538461 0.046875 0.0673076923076923 0.09375
5 0.5456730769230769 0.4074519230769231 0.07932692307692307 0.15384615384615385
0 0.6009615384615384 0.1045673076923077 0.06490384615384616 0.1658653846153846
0 0.38341346153846156 0.5372596153846154 0.08173076923076923 0.1658653846153846
3 0.5228365384615384 0.2247596153846154 0.0625 0.1201923076923077
3 0.4879807692307692 0.12860576923076922 0.0625 0.11538461538461539
3 0.7139423076923077 0.2980769230769231 0.0673076923076923 0.12259615384615384
3 0.8173076923076923 0.7596153846153846 0.07451923076923077 0.1346153846153846
3 0.6466346153846154 0.5108173076923077 0.0673076923076923 0.14182692307692307
3 0.5901442307692307 0.6478365384615384 0.07451923076923077 0.13701923076923078