2 0.49399038461538464 0.12379807692307693 0.07932692307692307 0.15625
2 0.2127403846153846 0.78125 0.10336538461538461 0.18028846153846154
1 0.18028846153846154 0.3641826923076923 0.11538461538461539 0.23798076923076922
4 0.4026442307692308 0.10697115384615384 0.09134615384615384 0.19471153846153846
5 0.25240384615384615 0.04927884615384615 0.09134615384615384 0.0985576923076923
0 0.234375 0.0889423076923077 0.08653846153846154 0.1658653846153846
0 0.38461538461538464 0.40384615384615385 0.08653846153846154 0.1658653846153846
3 0.48197115384615385 0.051682692307692304 0.07451923076923077 0.10336538461538461
3 0.3245192307692308 0.11177884615384616 0.06971153846153846 0.11538461538461539
3 0.28966346153846156 0.2956730769230769 0.07451923076923077 0.12980769230769232
3 0.24158653846153846 0.6454326923076923 0.07451923076923077 0.13221153846153846
3 0.2800480769230769 0.4026442307692308 0.07451923076923077 0.1346153846153846
1 0.8413461538461539 0.3137019230769231 0.11298076923076923 0.23076923076923078
2 0.6538461538461539 0.33413461538461536 0.07932692307692307 0.16826923076923078
2 0.43509615384615385 0.7944711538461539 0.09375 0.17307692307692307
5 0.6502403846153846 0.06850961538461539 0.06971153846153846 0.11538461538461539
5 0.5600961538461539 0.4326923076923077 0.08173076923076923 0.15625
0 0.6730769230769231 0.14302884615384615 0.06971153846153846 0.1658653846153846
0 0.375 0.5288461538461539 0.08413461538461539 0.16826923076923078
3 0.5721153846153846 0.24759615384615385 0.06490384615384616 0.12259615384615384
3 0.5564903846153846 0.14423076923076922 0.0673076923076923 0.11538461538461539
3 0.7475961538461539 0.3557692307692308 0.06971153846153846 0.125
3 0.7596153846153846 0.8317307692307693 0.07692307692307693 0.13701923076923078
3 0.640625 0.5540865384615384 0.06971153846153846 0.14423076923076922
3 0.5588942307692307 0.6778846153846154 0.07692307692307693 0.13942307692307693