0 0.5865384615384616 0.12259615384615384 0.0673076923076923 0.15625
1 0.7776442307692307 0.2536057692307692 0.10336538461538461 0.2091346153846154
2 0.2644230769230769 0.6538461538461539 0.08653846153846154 0.16826923076923078
2 0.3557692307692308 0.42908653846153844 0.08413461538461539 0.16105769230769232
3 0.7932692307692307 0.7608173076923077 0.07451923076923077 0.12740384615384615
3 0.6959134615384616 0.30649038461538464 0.06490384615384616 0.1201923076923077
3 0.6322115384615384 0.5132211538461539 0.0625 0.12259615384615384
3 0.5745192307692307 0.6538461538461539 0.07211538461538461 0.13221153846153846
5 0.5552884615384616 0.057692307692307696 0.0673076923076923 0.11538461538461539
5 0.5144230769230769 0.32211538461538464 0.06971153846153846 0.13701923076923078
5 0.16706730769230768 0.09014423076923077 0.07211538461538461 0.12980769230769232
3 0.40384615384615385 0.16346153846153846 0.06009615384615385 0.1201923076923077
1 0.15865384615384615 0.31490384615384615 0.10336538461538461 0.21634615384615385
2 0.27163461538461536 0.8076923076923077 0.10096153846153846 0.16826923076923078
0 0.16105769230769232 0.14543269230769232 0.08173076923076923 0.17067307692307693
4 0.3293269230769231 0.1346153846153846 0.08173076923076923 0.1971153846153846
3 0.2536057692307692 0.16105769230769232 0.0625 0.11778846153846154
3 0.2548076923076923 0.3401442307692308 0.06490384615384616 0.12259615384615384
3 0.2644230769230769 0.4411057692307692 0.06971153846153846 0.1201923076923077
3 0.3737980769230769 0.5612980769230769 0.06971153846153846 0.125