0 0.6117788461538461 0.13701923076923078 0.06971153846153846 0.16105769230769232
1 0.7824519230769231 0.30528846153846156 0.10576923076923077 0.21634615384615385
2 0.18870192307692307 0.6201923076923077 0.0889423076923077 0.17307692307692307
2 0.32211538461538464 0.4098557692307692 0.08653846153846154 0.1658653846153846
3 0.7067307692307693 0.8245192307692307 0.07451923076923077 0.13221153846153846
3 0.6899038461538461 0.3449519230769231 0.0673076923076923 0.125
3 0.5877403846153846 0.5456730769230769 0.06490384615384616 0.12740384615384615
3 0.5036057692307693 0.6766826923076923 0.07451923076923077 0.13701923076923078
5 0.5901442307692307 0.06370192307692307 0.0673076923076923 0.1201923076923077
5 0.5012019230769231 0.3293269230769231 0.07211538461538461 0.14182692307692307
5 0.19110576923076922 0.04927884615384615 0.07451923076923077 0.0985576923076923
3 0.4182692307692308 0.14783653846153846 0.0625 0.12259615384615384
1 0.140625 0.25600961538461536 0.10817307692307693 0.22355769230769232
2 0.16826923076923078 0.7788461538461539 0.10336538461538461 0.17307692307692307
0 0.17548076923076922 0.08774038461538461 0.08653846153846154 0.17548076923076922
4 0.34615384615384615 0.1045673076923077 0.08653846153846154 0.20432692307692307
3 0.2644230769230769 0.11778846153846154 0.06490384615384616 0.1201923076923077
3 0.234375 0.3004807692307692 0.0673076923076923 0.12740384615384615
3 0.22596153846153846 0.40384615384615385 0.07211538461538461 0.125
3 0.3161057692307692 0.5480769230769231 0.07211538461538461 0.12980769230769232