0 0.6382211538461539 0.15625 0.0673076923076923 0.15384615384615385
1 0.8016826923076923 0.3161057692307692 0.10096153846153846 0.20673076923076922
2 0.23677884615384615 0.6165865384615384 0.08653846153846154 0.1658653846153846
2 0.3629807692307692 0.41586538461538464 0.08173076923076923 0.15865384615384615
3 0.7295673076923077 0.8112980769230769 0.07211538461538461 0.125
3 0.7127403846153846 0.3545673076923077 0.06490384615384616 0.1201923076923077
3 0.6165865384615384 0.5456730769230769 0.0625 0.12259615384615384
3 0.5372596153846154 0.6706730769230769 0.06971153846153846 0.12980769230769232
5 0.6189903846153846 0.07572115384615384 0.06490384615384616 0.1346153846153846
5 0.5336538461538461 0.3389423076923077 0.06971153846153846 0.1346153846153846
5 0.23918269230769232 0.05889423076923077 0.06971153846153846 0.11778846153846154
3 0.4543269230769231 0.16706730769230768 0.06009615384615385 0.11778846153846154
1 0.18990384615384615 0.2704326923076923 0.10096153846153846 0.21153846153846154
2 0.21634615384615385 0.7668269230769231 0.0985576923076923 0.1658653846153846
0 0.22235576923076922 0.10817307692307693 0.07932692307692307 0.1658653846153846
4 0.3870192307692308 0.12620192307692307 0.08173076923076923 0.19471153846153846
3 0.3088942307692308 0.13701923076923078 0.0625 0.11538461538461539
3 0.27884615384615385 0.3112980769230769 0.06490384615384616 0.1201923076923077
3 0.27163461538461536 0.4110576923076923 0.06971153846153846 0.1201923076923077
3 0.35697115384615385 0.546875 0.06971153846153846 0.12259615384615384