4 0.5120192307692307 0.41947115384615385 0.07211538461538461 0.19230769230769232
2 0.5829326923076923 0.328125 0.06009615384615385 0.15144230769230768
2 0.6418269230769231 0.65625 0.07692307692307693 0.16105769230769232
1 0.7596153846153846 0.28725961538461536 0.0889423076923077 0.20432692307692307
5 0.7175480769230769 0.0673076923076923 0.0625 0.13221153846153846
5 0.8581730769230769 0.7800480769230769 0.08653846153846154 0.1466346153846154
3 0.7524038461538461 0.7836538461538461 0.06971153846153846 0.12740384615384615
3 0.6730769230769231 0.33413461538461536 0.057692307692307696 0.1201923076923077
3 0.5576923076923077 0.1658653846153846 0.05048076923076923 0.11057692307692307
3 0.6045673076923077 0.5384615384615384 0.06009615384615385 0.11298076923076923
3 0.5420673076923077 0.6670673076923077 0.0625 0.11778846153846154
3 0.49759615384615385 0.2608173076923077 0.052884615384615384 0.1201923076923077
0 0.6346153846153846 0.07091346153846154 0.0625 0.14182692307692307
0 0.3473557692307692 0.5456730769230769 0.0673076923076923 0.15384615384615385
5 0.16826923076923078 0.08653846153846154 0.0625 0.13221153846153846
1 0.14423076923076922 0.41225961538461536 0.08173076923076923 0.20673076923076922
2 0.3317307692307692 0.3329326923076923 0.0673076923076923 0.14423076923076922
2 0.14783653846153846 0.5600961538461539 0.07932692307692307 0.14903846153846154
0 0.15985576923076922 0.15504807692307693 0.06490384615384616 0.1466346153846154
0 0.13341346153846154 0.6778846153846154 0.07451923076923077 0.1466346153846154
4 0.25 0.22235576923076922 0.07932692307692307 0.16826923076923078
3 0.24759615384615385 0.16706730769230768 0.052884615384615384 0.10336538461538461
3 0.38822115384615385 0.08052884615384616 0.055288461538461536 0.10576923076923077
3 0.39903846153846156 0.24759615384615385 0.05048076923076923 0.11057692307692307
3 0.23918269230769232 0.3449519230769231 0.052884615384615384 0.11057692307692307
3 0.24278846153846154 0.44711538461538464 0.06009615384615385 0.11538461538461539
3 0.2439903846153846 0.6826923076923077 0.0625 0.1201923076923077