4 0.5168269230769231 0.421875 0.0673076923076923 0.1875
2 0.5901442307692307 0.3329326923076923 0.057692307692307696 0.14903846153846154
2 0.6394230769230769 0.6574519230769231 0.07211538461538461 0.15625
1 0.7632211538461539 0.2956730769230769 0.08413461538461539 0.19951923076923078
5 0.7247596153846154 0.07932692307692307 0.057692307692307696 0.12980769230769232
5 0.8521634615384616 0.7824519230769231 0.08413461538461539 0.14423076923076922
3 0.7475961538461539 0.7836538461538461 0.06490384615384616 0.125
3 0.6778846153846154 0.3401442307692308 0.055288461538461536 0.11778846153846154
3 0.5661057692307693 0.17307692307692307 0.04807692307692308 0.10817307692307693
3 0.6069711538461539 0.5408653846153846 0.057692307692307696 0.10817307692307693
3 0.5420673076923077 0.6658653846153846 0.06009615384615385 0.11538461538461539
3 0.5060096153846154 0.265625 0.05048076923076923 0.11778846153846154
0 0.6442307692307693 0.07572115384615384 0.057692307692307696 0.14423076923076922
0 0.35336538461538464 0.5432692307692307 0.0625 0.14903846153846154
5 0.18389423076923078 0.0889423076923077 0.057692307692307696 0.12980769230769232
1 0.15504807692307693 0.40865384615384615 0.07692307692307693 0.20192307692307693
2 0.34134615384615385 0.3329326923076923 0.0625 0.14182692307692307
2 0.15625 0.5552884615384616 0.07692307692307693 0.14423076923076922
0 0.17427884615384615 0.15504807692307693 0.0625 0.14182692307692307
0 0.13942307692307693 0.6694711538461539 0.07211538461538461 0.14182692307692307
4 0.2620192307692308 0.22355769230769232 0.07692307692307693 0.1658653846153846
3 0.2620192307692308 0.16826923076923078 0.052884615384615384 0.10096153846153846
3 0.4014423076923077 0.08533653846153846 0.052884615384615384 0.10336538461538461
3 0.40865384615384615 0.25 0.04807692307692308 0.10817307692307693
3 0.2512019230769231 0.3449519230769231 0.04807692307692308 0.10817307692307693
3 0.2512019230769231 0.44591346153846156 0.057692307692307696 0.11298076923076923
3 0.24879807692307693 0.6766826923076923 0.06009615384615385 0.11778846153846154