4 0.5288461538461539 0.4326923076923077 0.07932692307692307 0.19471153846153846
2 0.6105769230769231 0.3485576923076923 0.06490384615384616 0.15384615384615385
2 0.6334134615384616 0.6814903846153846 0.08173076923076923 0.16346153846153846
1 0.7908653846153846 0.328125 0.09615384615384616 0.20673076923076922
5 0.7716346153846154 0.1045673076923077 0.0673076923076923 0.1346153846153846
5 0.8377403846153846 0.8269230769230769 0.09134615384615384 0.14903846153846154
3 0.7319711538461539 0.8197115384615384 0.07451923076923077 0.12980769230769232
3 0.6995192307692307 0.3641826923076923 0.0625 0.1201923076923077
3 0.6021634615384616 0.18509615384615385 0.052884615384615384 0.11057692307692307
3 0.6105769230769231 0.5612980769230769 0.0625 0.11298076923076923
3 0.5336538461538461 0.6814903846153846 0.0673076923076923 0.1201923076923077
3 0.53125 0.27283653846153844 0.057692307692307696 0.12259615384615384
0 0.6887019230769231 0.09375 0.06490384615384616 0.14903846153846154
0 0.35216346153846156 0.5408653846153846 0.07211538461538461 0.15625
5 0.22235576923076922 0.0673076923076923 0.06971153846153846 0.1346153846153846
1 0.16466346153846154 0.3870192307692308 0.0889423076923077 0.20673076923076922
2 0.359375 0.3269230769230769 0.07211538461538461 0.1466346153846154
2 0.15264423076923078 0.5348557692307693 0.08413461538461539 0.15144230769230768
0 0.20673076923076922 0.13221153846153846 0.06971153846153846 0.14903846153846154
0 0.12620192307692307 0.6502403846153846 0.07932692307692307 0.14903846153846154
4 0.28846153846153844 0.2091346153846154 0.08653846153846154 0.17067307692307693
3 0.29447115384615385 0.15264423076923078 0.057692307692307696 0.10576923076923077
3 0.4423076923076923 0.0829326923076923 0.057692307692307696 0.10817307692307693
3 0.43509615384615385 0.25 0.055288461538461536 0.11298076923076923
3 0.2668269230769231 0.33052884615384615 0.055288461538461536 0.11057692307692307
3 0.25841346153846156 0.4326923076923077 0.0625 0.11538461538461539
3 0.23557692307692307 0.6658653846153846 0.0673076923076923 0.12259615384615384