4 0.7307692307692307 0.12259615384615384 0.07932692307692307 0.17067307692307693
1 0.7680288461538461 0.29086538461538464 0.09134615384615384 0.21153846153846154
5 0.25600961538461536 0.07572115384615384 0.06490384615384616 0.125
0 0.4411057692307692 0.4387019230769231 0.07211538461538461 0.15384615384615385
5 0.42908653846153844 0.33653846153846156 0.06971153846153846 0.14423076923076922
1 0.15504807692307693 0.3137019230769231 0.0889423076923077 0.21394230769230768
3 0.2620192307692308 0.17427884615384615 0.055288461538461536 0.11298076923076923
3 0.2536057692307692 0.34615384615384615 0.06971153846153846 0.11538461538461539
3 0.3629807692307692 0.5709134615384616 0.0673076923076923 0.12259615384615384
3 0.34375 0.4495192307692308 0.06009615384615385 0.12740384615384615
3 0.5504807692307693 0.6670673076923077 0.0625 0.12740384615384615
3 0.5853365384615384 0.3401442307692308 0.06009615384615385 0.1201923076923077