4 0.7079326923076923 0.10697115384615384 0.0889423076923077 0.1778846153846154
1 0.7560096153846154 0.2764423076923077 0.10336538461538461 0.22115384615384615
5 0.21995192307692307 0.08533653846153846 0.07211538461538461 0.12980769230769232
0 0.42908653846153844 0.44591346153846156 0.08413461538461539 0.16105769230769232
5 0.4110576923076923 0.3425480769230769 0.07932692307692307 0.15144230769230768
1 0.12980769230769232 0.3317307692307692 0.10096153846153846 0.22355769230769232
3 0.23076923076923078 0.18509615384615385 0.0625 0.11778846153846154
3 0.23197115384615385 0.36177884615384615 0.07692307692307693 0.12259615384615384
3 0.3557692307692308 0.5865384615384616 0.07451923076923077 0.12980769230769232
3 0.33052884615384615 0.46153846153846156 0.06971153846153846 0.13221153846153846
3 0.5528846153846154 0.6730769230769231 0.07211538461538461 0.13221153846153846
3 0.5709134615384616 0.33774038461538464 0.0673076923076923 0.125