4 0.7391826923076923 0.1141826923076923 0.07692307692307693 0.17307692307692307
1 0.7752403846153846 0.2848557692307692 0.0889423076923077 0.21153846153846154
5 0.2620192307692308 0.0625 0.0625 0.11778846153846154
0 0.4423076923076923 0.42908653846153844 0.07211538461538461 0.15384615384615385
5 0.43149038461538464 0.32572115384615385 0.06971153846153846 0.14423076923076922
1 0.15625 0.296875 0.08653846153846154 0.21394230769230768
3 0.265625 0.15865384615384615 0.055288461538461536 0.11298076923076923
3 0.2548076923076923 0.3329326923076923 0.0673076923076923 0.11538461538461539
3 0.3605769230769231 0.5612980769230769 0.0673076923076923 0.12259615384615384
3 0.34375 0.4375 0.06009615384615385 0.12740384615384615
3 0.5480769230769231 0.6598557692307693 0.06009615384615385 0.12740384615384615
3 0.5901442307692307 0.3329326923076923 0.057692307692307696 0.1201923076923077