1 0.7512019230769231 0.2764423076923077 0.0985576923076923 0.21394230769230768
5 0.6959134615384616 0.06610576923076923 0.0673076923076923 0.12980769230769232
5 0.8100961538461539 0.5084134615384616 0.08413461538461539 0.13942307692307693
0 0.6526442307692307 0.6478365384615384 0.07932692307692307 0.16346153846153846
0 0.5829326923076923 0.328125 0.07211538461538461 0.1466346153846154
4 0.515625 0.4254807692307692 0.08173076923076923 0.1875
3 0.49399038461538464 0.265625 0.055288461538461536 0.11298076923076923
3 0.7692307692307693 0.7644230769230769 0.06971153846153846 0.125
3 0.6706730769230769 0.3293269230769231 0.0625 0.11778846153846154
3 0.6117788461538461 0.5348557692307693 0.06971153846153846 0.1201923076923077
3 0.5564903846153846 0.6658653846153846 0.06971153846153846 0.1201923076923077
3 0.46153846153846156 0.1778846153846154 0.0625 0.10817307692307693
0 0.5697115384615384 0.15144230769230768 0.07692307692307693 0.15384615384615385
0 0.3629807692307692 0.5528846153846154 0.08173076923076923 0.1466346153846154
4 0.3161057692307692 0.1622596153846154 0.08173076923076923 0.1875
5 0.1622596153846154 0.1141826923076923 0.06971153846153846 0.125
2 0.2644230769230769 0.8173076923076923 0.09134615384615384 0.15625
2 0.33653846153846156 0.3401442307692308 0.07211538461538461 0.13942307692307693
0 0.35096153846153844 0.4423076923076923 0.06490384615384616 0.13701923076923078
0 0.15745192307692307 0.18028846153846154 0.07211538461538461 0.14423076923076922
1 0.15985576923076922 0.4411057692307692 0.10096153846153846 0.21394230769230768
3 0.3786057692307692 0.09735576923076923 0.052884615384615384 0.11538461538461539
3 0.39663461538461536 0.25721153846153844 0.06009615384615385 0.11778846153846154
3 0.24639423076923078 0.18990384615384615 0.06009615384615385 0.11298076923076923
3 0.24759615384615385 0.36177884615384615 0.0625 0.11778846153846154
3 0.2548076923076923 0.46153846153846156 0.06490384615384616 0.1201923076923077
3 0.265625 0.6923076923076923 0.0673076923076923 0.12259615384615384