1 0.7872596153846154 0.31009615384615385 0.09615384615384616 0.21634615384615385
5 0.7620192307692307 0.09134615384615384 0.06490384615384616 0.12980769230769232
5 0.8125 0.5516826923076923 0.07932692307692307 0.13942307692307693
0 0.6358173076923077 0.6706730769230769 0.07451923076923077 0.16346153846153846
0 0.6105769230769231 0.3389423076923077 0.0673076923076923 0.1466346153846154
4 0.5288461538461539 0.4254807692307692 0.07451923076923077 0.1875
3 0.5300480769230769 0.2620192307692308 0.052884615384615384 0.11298076923076923
3 0.7355769230769231 0.8040865384615384 0.0673076923076923 0.125
3 0.6995192307692307 0.35216346153846156 0.057692307692307696 0.11778846153846154
3 0.6105769230769231 0.5504807692307693 0.06490384615384616 0.1201923076923077
3 0.5360576923076923 0.6754807692307693 0.0673076923076923 0.1201923076923077
3 0.5096153846153846 0.16947115384615385 0.06009615384615385 0.10817307692307693
0 0.6225961538461539 0.15865384615384615 0.07211538461538461 0.15384615384615385
0 0.35697115384615385 0.5336538461538461 0.07932692307692307 0.1466346153846154
4 0.36538461538461536 0.13581730769230768 0.07692307692307693 0.1875
5 0.21754807692307693 0.06490384615384616 0.0673076923076923 0.125
2 0.22115384615384615 0.7848557692307693 0.0889423076923077 0.15625
2 0.3605769230769231 0.3161057692307692 0.0673076923076923 0.13942307692307693
0 0.3605769230769231 0.4206730769230769 0.0625 0.13942307692307693
0 0.203125 0.12980769230769232 0.0673076923076923 0.14423076923076922
1 0.16706730769230768 0.390625 0.09615384615384616 0.21634615384615385
3 0.4375 0.078125 0.05048076923076923 0.11538461538461539
3 0.4326923076923077 0.2403846153846154 0.055288461538461536 0.11778846153846154
3 0.29086538461538464 0.15144230769230768 0.055288461538461536 0.11298076923076923
3 0.26802884615384615 0.3245192307692308 0.057692307692307696 0.11778846153846154
3 0.2620192307692308 0.4266826923076923 0.06009615384615385 0.1201923076923077
3 0.2403846153846154 0.6598557692307693 0.06490384615384616 0.125