1 0.7776442307692307 0.26322115384615385 0.10096153846153846 0.21875
5 0.7271634615384616 0.05889423076923077 0.07451923076923077 0.11778846153846154
5 0.8329326923076923 0.5036057692307693 0.08413461538461539 0.14423076923076922
0 0.6694711538461539 0.6454326923076923 0.07932692307692307 0.1658653846153846
0 0.6021634615384616 0.31490384615384615 0.06971153846153846 0.14903846153846154
4 0.5324519230769231 0.41225961538461536 0.07932692307692307 0.19230769230769232
3 0.5120192307692307 0.24759615384615385 0.055288461538461536 0.11538461538461539
3 0.7872596153846154 0.7668269230769231 0.06971153846153846 0.12740384615384615
3 0.6947115384615384 0.3161057692307692 0.06009615384615385 0.1201923076923077
3 0.6298076923076923 0.5288461538461539 0.0673076923076923 0.12259615384615384
3 0.5709134615384616 0.6622596153846154 0.06971153846153846 0.125
3 0.4807692307692308 0.15625 0.0625 0.11057692307692307
0 0.5925480769230769 0.1310096153846154 0.07692307692307693 0.15865384615384615
0 0.37259615384615385 0.5408653846153846 0.08173076923076923 0.15144230769230768
4 0.33052884615384615 0.13822115384615385 0.08173076923076923 0.18990384615384615
5 0.17307692307692307 0.08653846153846154 0.06971153846153846 0.12980769230769232
2 0.2668269230769231 0.8125 0.09134615384615384 0.16105769230769232
2 0.3473557692307692 0.32211538461538464 0.06971153846153846 0.14182692307692307
0 0.3605769230769231 0.4266826923076923 0.06490384615384616 0.14182692307692307
0 0.16706730769230768 0.15384615384615385 0.06971153846153846 0.14903846153846154
1 0.16346153846153846 0.421875 0.10336538461538461 0.21875
3 0.39783653846153844 0.07211538461538461 0.052884615384615384 0.11778846153846154
3 0.41225961538461536 0.23677884615384615 0.057692307692307696 0.1201923076923077
3 0.25721153846153844 0.16466346153846154 0.06009615384615385 0.11538461538461539
3 0.25600961538461536 0.3425480769230769 0.0625 0.1201923076923077
3 0.2620192307692308 0.44591346153846156 0.0625 0.12259615384615384
3 0.2692307692307692 0.6838942307692307 0.0673076923076923 0.12740384615384615