0 0.12740384615384615 0.18990384615384615 0.08173076923076923 0.14903846153846154
0 0.3329326923076923 0.45072115384615385 0.0673076923076923 0.13942307692307693
2 0.24639423076923078 0.8365384615384616 0.09134615384615384 0.16826923076923078
2 0.3173076923076923 0.34975961538461536 0.07451923076923077 0.14423076923076922
4 0.29086538461538464 0.16706730769230768 0.08413461538461539 0.18509615384615385
1 0.1310096153846154 0.4567307692307692 0.10096153846153846 0.21394230769230768
5 0.13341346153846154 0.12620192307692307 0.07451923076923077 0.13701923076923078
3 0.3545673076923077 0.09615384615384616 0.06009615384615385 0.11538461538461539
3 0.24879807692307693 0.7115384615384616 0.06971153846153846 0.12259615384615384
3 0.23557692307692307 0.47596153846153844 0.07211538461538461 0.11538461538461539
3 0.2247596153846154 0.3737980769230769 0.06490384615384616 0.11778846153846154
3 0.22115384615384615 0.1935096153846154 0.06490384615384616 0.12259615384615384
0 0.5516826923076923 0.15504807692307693 0.0673076923076923 0.15625
0 0.34615384615384615 0.5697115384615384 0.07211538461538461 0.15384615384615385
2 0.4567307692307692 0.8064903846153846 0.08413461538461539 0.1658653846153846
2 0.5685096153846154 0.33413461538461536 0.07451923076923077 0.15144230769230768
1 0.7415865384615384 0.27283653846153844 0.10336538461538461 0.21153846153846154
5 0.5144230769230769 0.07572115384615384 0.06490384615384616 0.13221153846153846
5 0.7788461538461539 0.4170673076923077 0.08653846153846154 0.13942307692307693
3 0.7668269230769231 0.7788461538461539 0.07692307692307693 0.125
3 0.6610576923076923 0.33052884615384615 0.06009615384615385 0.11778846153846154
3 0.4423076923076923 0.17908653846153846 0.055288461538461536 0.10817307692307693
3 0.47836538461538464 0.2704326923076923 0.055288461538461536 0.11298076923076923
3 0.6021634615384616 0.5408653846153846 0.0673076923076923 0.125
3 0.5504807692307693 0.6802884615384616 0.06490384615384616 0.12259615384615384