0 0.19951923076923078 0.11177884615384616 0.07451923076923077 0.14903846153846154
0 0.3701923076923077 0.40625 0.06009615384615385 0.14182692307692307
2 0.2283653846153846 0.7860576923076923 0.08173076923076923 0.16826923076923078
2 0.36899038461538464 0.3016826923076923 0.06971153846153846 0.14423076923076922
4 0.36778846153846156 0.11177884615384616 0.07451923076923077 0.18509615384615385
1 0.16346153846153846 0.38221153846153844 0.09134615384615384 0.21394230769230768
5 0.21514423076923078 0.05889423076923077 0.06971153846153846 0.11778846153846154
3 0.44350961538461536 0.055288461538461536 0.06009615384615385 0.11057692307692307
3 0.24759615384615385 0.6598557692307693 0.0625 0.12259615384615384
3 0.2668269230769231 0.4170673076923077 0.0673076923076923 0.11538461538461539
3 0.2704326923076923 0.3125 0.06009615384615385 0.11778846153846154
3 0.2932692307692308 0.12860576923076922 0.057692307692307696 0.12259615384615384
0 0.6358173076923077 0.13701923076923078 0.06009615384615385 0.15865384615384615
0 0.36658653846153844 0.5288461538461539 0.06490384615384616 0.15384615384615385
2 0.44591346153846156 0.7860576923076923 0.07692307692307693 0.1658653846153846
2 0.6262019230769231 0.3233173076923077 0.0673076923076923 0.15144230769230768
1 0.8112980769230769 0.28365384615384615 0.09375 0.21394230769230768
5 0.609375 0.06009615384615385 0.06009615384615385 0.11538461538461539
5 0.828125 0.43509615384615385 0.07932692307692307 0.13942307692307693
3 0.7644230769230769 0.8028846153846154 0.06971153846153846 0.125
3 0.7211538461538461 0.33052884615384615 0.055288461538461536 0.11778846153846154
3 0.5192307692307693 0.14423076923076922 0.05048076923076923 0.10817307692307693
3 0.5432692307692307 0.24278846153846154 0.04807692307692308 0.11298076923076923
3 0.6322115384615384 0.5372596153846154 0.06009615384615385 0.125
3 0.5576923076923077 0.671875 0.057692307692307696 0.1201923076923077