0 0.15144230769230768 0.0985576923076923 0.07451923076923077 0.14903846153846154
0 0.3233173076923077 0.3954326923076923 0.06009615384615385 0.14182692307692307
2 0.18028846153846154 0.7764423076923077 0.08173076923076923 0.17067307692307693
2 0.32211538461538464 0.29086538461538464 0.06971153846153846 0.14423076923076922
4 0.3233173076923077 0.09975961538461539 0.07451923076923077 0.1875
1 0.11658653846153846 0.3713942307692308 0.09134615384615384 0.21394230769230768
5 0.1658653846153846 0.052884615384615384 0.07211538461538461 0.10576923076923077
3 0.39783653846153844 0.04807692307692308 0.055288461538461536 0.09615384615384616
3 0.20072115384615385 0.6490384615384616 0.0625 0.12259615384615384
3 0.22115384615384615 0.40625 0.0673076923076923 0.11538461538461539
3 0.2247596153846154 0.3004807692307692 0.06009615384615385 0.11778846153846154
3 0.24639423076923078 0.11538461538461539 0.057692307692307696 0.125
0 0.5901442307692307 0.12379807692307693 0.06009615384615385 0.15865384615384615
0 0.31971153846153844 0.5192307692307693 0.06490384615384616 0.15384615384615385
2 0.40024038461538464 0.7764423076923077 0.07692307692307693 0.1658653846153846
2 0.5817307692307693 0.31009615384615385 0.0673076923076923 0.15384615384615385
1 0.7680288461538461 0.27163461538461536 0.09375 0.21394230769230768
5 0.5637019230769231 0.054086538461538464 0.06009615384615385 0.10576923076923077
5 0.7848557692307693 0.42427884615384615 0.07932692307692307 0.14182692307692307
3 0.7211538461538461 0.7944711538461539 0.06971153846153846 0.125
3 0.6766826923076923 0.31971153846153844 0.055288461538461536 0.11778846153846154
3 0.47475961538461536 0.13221153846153846 0.05048076923076923 0.11057692307692307
3 0.4987980769230769 0.23197115384615385 0.04807692307692308 0.11538461538461539
3 0.5865384615384616 0.5276442307692307 0.06009615384615385 0.125
3 0.5132211538461539 0.6610576923076923 0.057692307692307696 0.12259615384615384