4 0.21875 0.23197115384615385 0.09134615384615384 0.18028846153846154
1 0.7475961538461539 0.2668269230769231 0.0985576923076923 0.20673076923076922
0 0.6045673076923077 0.0625 0.06971153846153846 0.125
5 0.6887019230769231 0.056490384615384616 0.06971153846153846 0.11298076923076923
3 0.6622596153846154 0.3233173076923077 0.06009615384615385 0.11057692307692307
5 0.8737980769230769 0.7704326923076923 0.09615384615384616 0.14903846153846154
3 0.7620192307692307 0.7824519230769231 0.07451923076923077 0.1201923076923077
2 0.6526442307692307 0.6610576923076923 0.08173076923076923 0.14423076923076922
2 0.5817307692307693 0.3293269230769231 0.06971153846153846 0.14423076923076922
4 0.4951923076923077 0.4170673076923077 0.08173076923076923 0.18990384615384615
3 0.5408653846153846 0.6778846153846154 0.06971153846153846 0.12259615384615384
3 0.5901442307692307 0.5432692307692307 0.0625 0.1201923076923077
3 0.5324519230769231 0.15625 0.055288461538461536 0.10817307692307693
3 0.453125 0.0733173076923077 0.04807692307692308 0.11057692307692307
3 0.47475961538461536 0.25240384615384615 0.057692307692307696 0.11298076923076923
3 0.3293269230769231 0.4651442307692308 0.06009615384615385 0.11778846153846154
0 0.3389423076923077 0.5576923076923077 0.07211538461538461 0.15144230769230768
1 0.11899038461538461 0.4362980769230769 0.09134615384615384 0.2091346153846154
5 0.12620192307692307 0.0985576923076923 0.06490384615384616 0.12980769230769232
2 0.3112980769230769 0.33774038461538464 0.07451923076923077 0.14182692307692307
2 0.12980769230769232 0.5829326923076923 0.08413461538461539 0.14423076923076922
0 0.12139423076923077 0.1658653846153846 0.06971153846153846 0.15144230769230768
0 0.12139423076923077 0.7079326923076923 0.08413461538461539 0.15144230769230768
3 0.2127403846153846 0.17307692307692307 0.052884615384615384 0.10096153846153846
3 0.21394230769230768 0.35336538461538464 0.0625 0.11057692307692307
3 0.23076923076923078 0.703125 0.06971153846153846 0.125
3 0.22355769230769232 0.46033653846153844 0.0625 0.11538461538461539
3 0.3545673076923077 0.078125 0.055288461538461536 0.10817307692307693
3 0.37259615384615385 0.24278846153846154 0.055288461538461536 0.11538461538461539
3 0.41586538461538464 0.5709134615384616 0.06009615384615385 0.11778846153846154