4 0.27283653846153844 0.2091346153846154 0.08413461538461539 0.17307692307692307
1 0.78125 0.3161057692307692 0.0889423076923077 0.19951923076923078
0 0.6706730769230769 0.08173076923076923 0.0625 0.14423076923076922
5 0.7536057692307693 0.09375 0.0625 0.12259615384615384
3 0.6899038461538461 0.3581730769230769 0.055288461538461536 0.10576923076923077
5 0.8341346153846154 0.8197115384615384 0.0889423076923077 0.14423076923076922
3 0.7247596153846154 0.8161057692307693 0.06971153846153846 0.11538461538461539
2 0.6358173076923077 0.6838942307692307 0.07451923076923077 0.13942307692307693
2 0.6117788461538461 0.35336538461538464 0.0625 0.14182692307692307
4 0.5168269230769231 0.42788461538461536 0.07451923076923077 0.18269230769230768
3 0.5252403846153846 0.6838942307692307 0.0625 0.11778846153846154
3 0.5913461538461539 0.5612980769230769 0.055288461538461536 0.11778846153846154
3 0.5889423076923077 0.1778846153846154 0.05048076923076923 0.10336538461538461
3 0.5228365384615384 0.08774038461538461 0.04326923076923077 0.10817307692307693
3 0.5180288461538461 0.265625 0.052884615384615384 0.10817307692307693
3 0.3485576923076923 0.45072115384615385 0.052884615384615384 0.11298076923076923
0 0.3449519230769231 0.5396634615384616 0.06490384615384616 0.1466346153846154
1 0.14903846153846154 0.3942307692307692 0.08413461538461539 0.20432692307692307
5 0.203125 0.0673076923076923 0.06009615384615385 0.12740384615384615
2 0.3473557692307692 0.3245192307692308 0.0673076923076923 0.13701923076923078
2 0.13942307692307693 0.5372596153846154 0.07692307692307693 0.13942307692307693
0 0.1875 0.13221153846153846 0.0625 0.1466346153846154
0 0.11538461538461539 0.65625 0.07692307692307693 0.14423076923076922
3 0.2764423076923077 0.15144230769230768 0.05048076923076923 0.09615384615384616
3 0.25240384615384615 0.32572115384615385 0.057692307692307696 0.10576923076923077
3 0.21995192307692307 0.6682692307692307 0.06490384615384616 0.12259615384615384
3 0.24759615384615385 0.43149038461538464 0.057692307692307696 0.11057692307692307
3 0.4254807692307692 0.078125 0.05048076923076923 0.10576923076923077
3 0.4206730769230769 0.24158653846153846 0.05048076923076923 0.11057692307692307
3 0.4182692307692308 0.5649038461538461 0.055288461538461536 0.11298076923076923