4 0.22716346153846154 0.21033653846153846 0.09134615384615384 0.18028846153846154
1 0.7584134615384616 0.24639423076923078 0.0985576923076923 0.2091346153846154
0 0.6153846153846154 0.051682692307692304 0.0673076923076923 0.10336538461538461
5 0.7007211538461539 0.04567307692307692 0.06971153846153846 0.09134615384615384
3 0.671875 0.30288461538461536 0.0625 0.11057692307692307
5 0.8858173076923077 0.7524038461538461 0.09615384615384616 0.14903846153846154
3 0.7740384615384616 0.7644230769230769 0.07451923076923077 0.1201923076923077
2 0.6634615384615384 0.6430288461538461 0.08173076923076923 0.1466346153846154
2 0.5913461538461539 0.3088942307692308 0.06971153846153846 0.1466346153846154
4 0.5060096153846154 0.39663461538461536 0.08413461538461539 0.18990384615384615
3 0.5516826923076923 0.6586538461538461 0.06971153846153846 0.12259615384615384
3 0.6009615384615384 0.5240384615384616 0.0625 0.12259615384615384
3 0.5432692307692307 0.13341346153846154 0.055288461538461536 0.10817307692307693
3 0.4639423076923077 0.054086538461538464 0.052884615384615384 0.10817307692307693
3 0.484375 0.23197115384615385 0.057692307692307696 0.11298076923076923
3 0.33774038461538464 0.44591346153846156 0.06009615384615385 0.11778846153846154
0 0.3473557692307692 0.5372596153846154 0.07211538461538461 0.15144230769230768
1 0.12620192307692307 0.4170673076923077 0.09134615384615384 0.21153846153846154
5 0.1346153846153846 0.08533653846153846 0.06490384615384616 0.11538461538461539
2 0.31850961538461536 0.31850961538461536 0.07451923076923077 0.14182692307692307
2 0.13822115384615385 0.5637019230769231 0.08413461538461539 0.1466346153846154
0 0.12740384615384615 0.14543269230769232 0.06971153846153846 0.15144230769230768
0 0.12980769230769232 0.6887019230769231 0.08413461538461539 0.15144230769230768
3 0.22115384615384615 0.1502403846153846 0.052884615384615384 0.10096153846153846
3 0.22235576923076922 0.3329326923076923 0.0625 0.11057692307692307
3 0.23918269230769232 0.6850961538461539 0.07211538461538461 0.12740384615384615
3 0.23197115384615385 0.4411057692307692 0.0625 0.11538461538461539
3 0.3641826923076923 0.06009615384615385 0.055288461538461536 0.10336538461538461
3 0.38100961538461536 0.22235576923076922 0.055288461538461536 0.11538461538461539
3 0.4254807692307692 0.5528846153846154 0.06009615384615385 0.11778846153846154