1 0.7451923076923077 0.5973557692307693 0.09615384615384616 0.21875
5 0.8629807692307693 0.7524038461538461 0.08653846153846154 0.15865384615384615
2 0.453125 0.36658653846153844 0.08413461538461539 0.1466346153846154
4 0.6225961538461539 0.27163461538461536 0.07211538461538461 0.19471153846153846
3 0.7079326923076923 0.20072115384615385 0.06009615384615385 0.125
3 0.5396634615384616 0.27884615384615385 0.055288461538461536 0.11538461538461539
3 0.6430288461538461 0.5012019230769231 0.055288461538461536 0.1201923076923077
5 0.6598557692307693 0.7235576923076923 0.07932692307692307 0.15384615384615385
2 0.5348557692307693 0.09735576923076923 0.06971153846153846 0.15144230769230768
1 0.27524038461538464 0.33413461538461536 0.08173076923076923 0.21634615384615385
5 0.22355769230769232 0.028846153846153848 0.0673076923076923 0.057692307692307696
4 0.375 0.2536057692307692 0.0625 0.1875
3 0.453125 0.2704326923076923 0.06009615384615385 0.125
3 0.30288461538461536 0.03245192307692308 0.057692307692307696 0.06490384615384616
3 0.2980769230769231 0.17067307692307693 0.057692307692307696 0.11778846153846154
3 0.2608173076923077 0.5901442307692307 0.0625 0.11778846153846154