1 0.7427884615384616 0.5769230769230769 0.10576923076923077 0.21394230769230768
5 0.8737980769230769 0.7139423076923077 0.09375 0.15625
2 0.44350961538461536 0.3870192307692308 0.0889423076923077 0.1466346153846154
4 0.5949519230769231 0.2776442307692308 0.08413461538461539 0.19230769230769232
3 0.6694711538461539 0.203125 0.06490384615384616 0.12259615384615384
3 0.5168269230769231 0.2920673076923077 0.06009615384615385 0.11538461538461539
3 0.6370192307692307 0.4951923076923077 0.06009615384615385 0.1201923076923077
5 0.6766826923076923 0.7067307692307693 0.08413461538461539 0.15144230769230768
2 0.49399038461538464 0.12139423076923077 0.07692307692307693 0.15144230769230768
1 0.2704326923076923 0.37259615384615385 0.09375 0.21153846153846154
5 0.1875 0.06850961538461539 0.0673076923076923 0.09134615384615384
4 0.35697115384615385 0.28725961538461536 0.07211538461538461 0.18509615384615385
3 0.4338942307692308 0.29447115384615385 0.0673076923076923 0.125
3 0.26322115384615385 0.06610576923076923 0.06009615384615385 0.09615384615384616
3 0.27524038461538464 0.21394230769230768 0.0625 0.11778846153846154
3 0.28125 0.6177884615384616 0.06971153846153846 0.11778846153846154