1 0.7391826923076923 0.6358173076923077 0.10336538461538461 0.21875
5 0.8485576923076923 0.7944711538461539 0.09134615384615384 0.15865384615384615
2 0.46634615384615385 0.39663461538461536 0.0889423076923077 0.1466346153846154
4 0.6370192307692307 0.3112980769230769 0.08173076923076923 0.19471153846153846
3 0.7235576923076923 0.24639423076923078 0.06490384615384616 0.125
3 0.5552884615384616 0.3137019230769231 0.06009615384615385 0.11538461538461539
3 0.6454326923076923 0.5372596153846154 0.06009615384615385 0.1201923076923077
5 0.6502403846153846 0.7548076923076923 0.08413461538461539 0.15384615384615385
2 0.5600961538461539 0.13701923076923078 0.07451923076923077 0.15144230769230768
1 0.29447115384615385 0.3545673076923077 0.09134615384615384 0.21634615384615385
5 0.2608173076923077 0.040865384615384616 0.06971153846153846 0.08173076923076923
4 0.3942307692307692 0.28125 0.06971153846153846 0.1875
3 0.47115384615384615 0.3016826923076923 0.06490384615384616 0.12740384615384615
3 0.33653846153846156 0.046875 0.0625 0.09375
3 0.3245192307692308 0.19591346153846154 0.0625 0.11778846153846154
3 0.2668269230769231 0.6033653846153846 0.0673076923076923 0.1201923076923077