5 0.8605769230769231 0.7740384615384616 0.08173076923076923 0.14423076923076922
1 0.6694711538461539 0.7403846153846154 0.0889423076923077 0.21153846153846154
4 0.5901442307692307 0.3245192307692308 0.07692307692307693 0.1778846153846154
3 0.6706730769230769 0.24639423076923078 0.055288461538461536 0.10817307692307693
3 0.6274038461538461 0.5420673076923077 0.0625 0.11298076923076923
3 0.5108173076923077 0.33653846153846156 0.055288461538461536 0.11298076923076923
1 0.34975961538461536 0.41225961538461536 0.08413461538461539 0.20192307692307693
5 0.16826923076923078 0.2608173076923077 0.06971153846153846 0.125
3 0.25600961538461536 0.09615384615384616 0.0625 0.10576923076923077
3 0.34615384615384615 0.18509615384615385 0.057692307692307696 0.11057692307692307
3 0.4254807692307692 0.3425480769230769 0.057692307692307696 0.11057692307692307
3 0.2620192307692308 0.6802884615384616 0.06490384615384616 0.125