5 0.8930288461538461 0.7644230769230769 0.09375 0.15625
1 0.6923076923076923 0.7415865384615384 0.10336538461538461 0.22596153846153846
4 0.5865384615384616 0.3112980769230769 0.09134615384615384 0.18990384615384615
3 0.6670673076923077 0.2247596153846154 0.0625 0.11538461538461539
3 0.6370192307692307 0.5360576923076923 0.07211538461538461 0.12259615384615384
3 0.5036057692307693 0.3269230769230769 0.0625 0.1201923076923077
1 0.3389423076923077 0.41586538461538464 0.0985576923076923 0.21634615384615385
5 0.140625 0.2668269230769231 0.08173076923076923 0.1346153846153846
3 0.22355769230769232 0.0889423076923077 0.06971153846153846 0.11538461538461539
3 0.3233173076923077 0.17908653846153846 0.06490384615384616 0.1201923076923077
3 0.41586538461538464 0.3389423076923077 0.06490384615384616 0.11778846153846154
3 0.2620192307692308 0.7019230769230769 0.07451923076923077 0.1346153846153846