5 0.8870192307692307 0.7668269230769231 0.09615384615384616 0.15625
1 0.6850961538461539 0.7463942307692307 0.10817307692307693 0.22596153846153846
4 0.5709134615384616 0.3173076923076923 0.09375 0.19230769230769232
3 0.6502403846153846 0.22956730769230768 0.06490384615384616 0.11778846153846154
3 0.6262019230769231 0.5420673076923077 0.07211538461538461 0.12259615384615384
3 0.49038461538461536 0.33413461538461536 0.06490384615384616 0.1201923076923077
1 0.3269230769230769 0.42788461538461536 0.10096153846153846 0.21634615384615385
5 0.125 0.2824519230769231 0.08173076923076923 0.13701923076923078
3 0.20552884615384615 0.10216346153846154 0.07211538461538461 0.11538461538461539
3 0.30649038461538464 0.18990384615384615 0.0673076923076923 0.1201923076923077
3 0.4014423076923077 0.3473557692307692 0.0673076923076923 0.1201923076923077
3 0.2536057692307692 0.7127403846153846 0.07692307692307693 0.1346153846153846