1 0.7824519230769231 0.27403846153846156 0.08653846153846154 0.20192307692307693
4 0.5300480769230769 0.4098557692307692 0.07211538461538461 0.18028846153846154
0 0.6514423076923077 0.0625 0.0625 0.125
5 0.7367788461538461 0.057692307692307696 0.06009615384615385 0.11538461538461539
5 0.8774038461538461 0.765625 0.08653846153846154 0.14182692307692307
3 0.7692307692307693 0.7692307692307693 0.0673076923076923 0.11538461538461539
2 0.6586538461538461 0.6394230769230769 0.07692307692307693 0.15865384615384615
2 0.6129807692307693 0.31971153846153844 0.06490384615384616 0.14182692307692307
3 0.6947115384615384 0.31971153846153844 0.052884615384615384 0.10576923076923077
3 0.5805288461538461 0.15144230769230768 0.05048076923076923 0.10576923076923077
3 0.5180288461538461 0.24278846153846154 0.05048076923076923 0.10817307692307693
3 0.6237980769230769 0.5252403846153846 0.052884615384615384 0.11298076923076923
3 0.5612980769230769 0.65625 0.057692307692307696 0.11538461538461539
3 0.36177884615384615 0.43990384615384615 0.052884615384615384 0.10336538461538461
0 0.36778846153846156 0.5372596153846154 0.06490384615384616 0.1466346153846154
3 0.2668269230769231 0.15504807692307693 0.05048076923076923 0.10817307692307693
4 0.27163461538461536 0.2091346153846154 0.06490384615384616 0.17067307692307693
1 0.1622596153846154 0.4014423076923077 0.08173076923076923 0.1971153846153846
2 0.1658653846153846 0.5456730769230769 0.08173076923076923 0.14182692307692307
0 0.17427884615384615 0.14182692307692307 0.07211538461538461 0.13701923076923078
0 0.15144230769230768 0.6658653846153846 0.07211538461538461 0.14182692307692307
2 0.3557692307692308 0.31490384615384615 0.0673076923076923 0.13701923076923078
5 0.18629807692307693 0.07572115384615384 0.06971153846153846 0.13221153846153846
3 0.40625 0.06490384615384616 0.052884615384615384 0.11057692307692307
3 0.4170673076923077 0.23317307692307693 0.052884615384615384 0.11298076923076923
3 0.25841346153846156 0.3293269230769231 0.055288461538461536 0.10817307692307693
3 0.2608173076923077 0.4338942307692308 0.06009615384615385 0.10817307692307693
3 0.25600961538461536 0.6670673076923077 0.0673076923076923 0.11778846153846154
3 0.43990384615384615 0.5504807692307693 0.052884615384615384 0.11298076923076923