1 0.7944711538461539 0.3233173076923077 0.09615384615384616 0.20432692307692307
4 0.53125 0.4254807692307692 0.07932692307692307 0.18269230769230768
0 0.6923076923076923 0.0889423076923077 0.0673076923076923 0.14423076923076922
5 0.7764423076923077 0.09975961538461539 0.0625 0.12259615384615384
5 0.8293269230769231 0.8185096153846154 0.09134615384615384 0.14423076923076922
3 0.7223557692307693 0.8088942307692307 0.07451923076923077 0.1201923076923077
2 0.6298076923076923 0.6682692307692307 0.08413461538461539 0.15865384615384615
2 0.6237980769230769 0.34615384615384615 0.06971153846153846 0.14423076923076922
3 0.703125 0.3581730769230769 0.057692307692307696 0.10576923076923077
3 0.6117788461538461 0.17908653846153846 0.055288461538461536 0.10576923076923077
3 0.5372596153846154 0.2608173076923077 0.055288461538461536 0.10817307692307693
3 0.6081730769230769 0.5516826923076923 0.057692307692307696 0.11298076923076923
3 0.53125 0.6730769230769231 0.0625 0.11538461538461539
3 0.36177884615384615 0.4362980769230769 0.057692307692307696 0.10336538461538461
0 0.3557692307692308 0.53125 0.07211538461538461 0.1466346153846154
3 0.3016826923076923 0.14423076923076922 0.055288461538461536 0.11057692307692307
4 0.3016826923076923 0.19831730769230768 0.07451923076923077 0.17307692307692307
1 0.16947115384615385 0.3737980769230769 0.0889423076923077 0.1971153846153846
2 0.15625 0.515625 0.08653846153846154 0.14423076923076922
0 0.21514423076923078 0.11899038461538461 0.07932692307692307 0.13942307692307693
0 0.12740384615384615 0.6322115384615384 0.07692307692307693 0.14423076923076922
2 0.36899038461538464 0.3112980769230769 0.07211538461538461 0.13942307692307693
5 0.23197115384615385 0.06129807692307692 0.07932692307692307 0.12259615384615384
3 0.45072115384615385 0.07211538461538461 0.057692307692307696 0.11298076923076923
3 0.4411057692307692 0.23918269230769232 0.057692307692307696 0.11298076923076923
3 0.27403846153846156 0.31490384615384615 0.06009615384615385 0.10817307692307693
3 0.26322115384615385 0.4170673076923077 0.06490384615384616 0.11057692307692307
3 0.22956730769230768 0.6466346153846154 0.07211538461538461 0.1201923076923077
3 0.4254807692307692 0.5540865384615384 0.057692307692307696 0.11298076923076923