1 0.7560096153846154 0.27403846153846156 0.09134615384615384 0.20432692307692307
4 0.5048076923076923 0.41466346153846156 0.07451923076923077 0.18269230769230768
0 0.6237980769230769 0.0625 0.06490384615384616 0.125
5 0.7091346153846154 0.056490384615384616 0.0625 0.11298076923076923
5 0.8629807692307693 0.7680288461538461 0.0889423076923077 0.14423076923076922
3 0.7536057692307693 0.7740384615384616 0.07211538461538461 0.1201923076923077
2 0.6394230769230769 0.6454326923076923 0.07932692307692307 0.15865384615384615
2 0.5865384615384616 0.32211538461538464 0.0673076923076923 0.1466346153846154
3 0.6694711538461539 0.32091346153846156 0.055288461538461536 0.10817307692307693
3 0.5516826923076923 0.15264423076923078 0.052884615384615384 0.10817307692307693
3 0.4891826923076923 0.24639423076923078 0.052884615384615384 0.10817307692307693
3 0.6009615384615384 0.53125 0.055288461538461536 0.11538461538461539
3 0.5396634615384616 0.6634615384615384 0.06009615384615385 0.11778846153846154
3 0.33653846153846156 0.4483173076923077 0.055288461538461536 0.10576923076923077
0 0.34375 0.5456730769230769 0.0673076923076923 0.14903846153846154
3 0.234375 0.1622596153846154 0.052884615384615384 0.11057692307692307
4 0.24158653846153846 0.21754807692307693 0.06971153846153846 0.17548076923076922
1 0.13341346153846154 0.41225961538461536 0.08413461538461539 0.20192307692307693
2 0.13942307692307693 0.5588942307692307 0.08413461538461539 0.14423076923076922
0 0.14182692307692307 0.1502403846153846 0.07692307692307693 0.14182692307692307
0 0.12620192307692307 0.6802884615384616 0.07451923076923077 0.1466346153846154
2 0.3269230769230769 0.32211538461538464 0.06971153846153846 0.13942307692307693
5 0.1502403846153846 0.08413461538461539 0.07451923076923077 0.1346153846153846
3 0.375 0.06850961538461539 0.052884615384615384 0.11298076923076923
3 0.38822115384615385 0.23918269230769232 0.055288461538461536 0.11538461538461539
3 0.23076923076923078 0.3389423076923077 0.057692307692307696 0.11057692307692307
3 0.23317307692307693 0.44471153846153844 0.0625 0.11057692307692307
3 0.23317307692307693 0.6802884615384616 0.06971153846153846 0.1201923076923077
3 0.4170673076923077 0.5588942307692307 0.055288461538461536 0.11538461538461539