2 0.2403846153846154 0.6586538461538461 0.07692307692307693 0.17548076923076922
1 0.8004807692307693 0.28365384615384615 0.09134615384615384 0.22115384615384615
5 0.5841346153846154 0.06009615384615385 0.0673076923076923 0.1201923076923077
0 0.515625 0.21033653846153846 0.06490384615384616 0.15865384615384615
3 0.4206730769230769 0.15625 0.055288461538461536 0.11538461538461539
3 0.7103365384615384 0.3317307692307692 0.052884615384615384 0.12259615384615384
3 0.6298076923076923 0.5408653846153846 0.06009615384615385 0.13221153846153846
3 0.5625 0.6790865384615384 0.06009615384615385 0.12740384615384615
2 0.4651442307692308 0.6598557692307693 0.07932692307692307 0.17067307692307693
0 0.4483173076923077 0.4254807692307692 0.0673076923076923 0.16826923076923078
1 0.14783653846153846 0.2932692307692308 0.08653846153846154 0.22596153846153846
5 0.43509615384615385 0.05889423076923077 0.0625 0.11538461538461539
4 0.34134615384615385 0.12379807692307693 0.0673076923076923 0.19230769230769232
3 0.26322115384615385 0.14543269230769232 0.057692307692307696 0.11778846153846154
3 0.25240384615384615 0.33413461538461536 0.0673076923076923 0.1201923076923077
3 0.34615384615384615 0.32091346153846156 0.06009615384615385 0.125
3 0.3605769230769231 0.5649038461538461 0.0625 0.13701923076923078