2 0.25240384615384615 0.6382211538461539 0.07211538461538461 0.1658653846153846
1 0.7932692307692307 0.28846153846153844 0.08413461538461539 0.2091346153846154
5 0.5913461538461539 0.06490384615384616 0.0625 0.12980769230769232
0 0.5216346153846154 0.2127403846153846 0.06009615384615385 0.15144230769230768
3 0.4326923076923077 0.16105769230769232 0.052884615384615384 0.11057692307692307
3 0.7067307692307693 0.3329326923076923 0.04807692307692308 0.11538461538461539
3 0.625 0.53125 0.057692307692307696 0.125
3 0.5588942307692307 0.6622596153846154 0.057692307692307696 0.1201923076923077
2 0.4675480769230769 0.6418269230769231 0.07211538461538461 0.16105769230769232
0 0.4543269230769231 0.4182692307692308 0.0625 0.16105769230769232
1 0.16947115384615385 0.28725961538461536 0.07692307692307693 0.21634615384615385
5 0.4483173076923077 0.06129807692307692 0.057692307692307696 0.12259615384615384
4 0.35697115384615385 0.12860576923076922 0.0625 0.18269230769230768
3 0.28125 0.14783653846153846 0.052884615384615384 0.11298076923076923
3 0.26802884615384615 0.328125 0.0625 0.11538461538461539
3 0.359375 0.3173076923076923 0.057692307692307696 0.1201923076923077
3 0.36778846153846156 0.5504807692307693 0.057692307692307696 0.12980769230769232