2 0.25240384615384615 0.65625 0.07692307692307693 0.16346153846153846
1 0.7596153846153846 0.28725961538461536 0.09134615384615384 0.2091346153846154
5 0.5504807692307693 0.07572115384615384 0.06490384615384616 0.1346153846153846
0 0.49158653846153844 0.2283653846153846 0.0673076923076923 0.15144230769230768
3 0.4026442307692308 0.18269230769230768 0.055288461538461536 0.11057692307692307
3 0.6778846153846154 0.33653846153846156 0.052884615384615384 0.11538461538461539
3 0.609375 0.5336538461538461 0.06009615384615385 0.125
3 0.5516826923076923 0.6646634615384616 0.0625 0.1201923076923077
2 0.46033653846153844 0.6502403846153846 0.07932692307692307 0.15865384615384615
0 0.4362980769230769 0.43149038461538464 0.0673076923076923 0.15865384615384615
1 0.15264423076923078 0.31850961538461536 0.08653846153846154 0.21394230769230768
5 0.41225961538461536 0.07932692307692307 0.0625 0.13221153846153846
4 0.3269230769230769 0.15504807692307693 0.0673076923076923 0.18028846153846154
3 0.2548076923076923 0.1778846153846154 0.057692307692307696 0.11298076923076923
3 0.25 0.35336538461538464 0.06490384615384616 0.11538461538461539
3 0.3389423076923077 0.3389423076923077 0.06009615384615385 0.11778846153846154
3 0.359375 0.5649038461538461 0.0625 0.12980769230769232