5 0.8425480769230769 0.7836538461538461 0.09134615384615384 0.14903846153846154
1 0.828125 0.5276442307692307 0.11298076923076923 0.21394230769230768
4 0.6286057692307693 0.3004807692307692 0.08173076923076923 0.18990384615384615
2 0.4519230769230769 0.39302884615384615 0.08173076923076923 0.14903846153846154
3 0.7235576923076923 0.42788461538461536 0.0625 0.11538461538461539
3 0.7163461538461539 0.23918269230769232 0.057692307692307696 0.11538461538461539
3 0.6334134615384616 0.5252403846153846 0.06490384615384616 0.12740384615384615
3 0.5432692307692307 0.3076923076923077 0.055288461538461536 0.11778846153846154
3 0.40625 0.051682692307692304 0.057692307692307696 0.10336538461538461
4 0.38341346153846156 0.27884615384615385 0.07932692307692307 0.1875
1 0.2776442307692308 0.35096153846153844 0.09615384615384616 0.21394230769230768
2 0.359375 0.48677884615384615 0.07451923076923077 0.16105769230769232
0 0.4362980769230769 0.6105769230769231 0.07932692307692307 0.16346153846153846
2 0.5480769230769231 0.125 0.06971153846153846 0.15384615384615385
5 0.6358173076923077 0.7524038461538461 0.0889423076923077 0.16105769230769232
5 0.2439903846153846 0.040865384615384616 0.07451923076923077 0.08173076923076923
3 0.45552884615384615 0.2980769230769231 0.06009615384615385 0.11298076923076923
3 0.32211538461538464 0.042067307692307696 0.0625 0.08413461538461539
3 0.31009615384615385 0.19230769230769232 0.0625 0.11298076923076923
3 0.25 0.6045673076923077 0.07451923076923077 0.12740384615384615