5 0.8762019230769231 0.6983173076923077 0.08653846153846154 0.1466346153846154
1 0.8197115384615384 0.4567307692307692 0.11057692307692307 0.2091346153846154
4 0.5901442307692307 0.27283653846153844 0.07692307692307693 0.18509615384615385
2 0.4362980769230769 0.390625 0.07932692307692307 0.14423076923076922
3 0.7019230769230769 0.3786057692307692 0.06009615384615385 0.11298076923076923
3 0.6634615384615384 0.19831730769230768 0.055288461538461536 0.11298076923076923
3 0.6322115384615384 0.48677884615384615 0.06490384615384616 0.12259615384615384
3 0.5084134615384616 0.29447115384615385 0.052884615384615384 0.11538461538461539
3 0.3317307692307692 0.06610576923076923 0.055288461538461536 0.10817307692307693
4 0.35096153846153844 0.2932692307692308 0.07451923076923077 0.18269230769230768
1 0.2620192307692308 0.38100961538461536 0.09375 0.2091346153846154
2 0.36177884615384615 0.49759615384615385 0.06971153846153846 0.15625
0 0.4567307692307692 0.6021634615384616 0.07692307692307693 0.15865384615384615
2 0.4831730769230769 0.11899038461538461 0.06971153846153846 0.15144230769230768
5 0.6730769230769231 0.7043269230769231 0.0889423076923077 0.15865384615384615
5 0.171875 0.07451923076923077 0.06490384615384616 0.10096153846153846
3 0.42427884615384615 0.3004807692307692 0.06009615384615385 0.11057692307692307
3 0.25 0.0673076923076923 0.06009615384615385 0.09615384615384616
3 0.265625 0.22235576923076922 0.06009615384615385 0.11057692307692307
3 0.2776442307692308 0.6298076923076923 0.07211538461538461 0.125