5 0.8305288461538461 0.7560096153846154 0.07932692307692307 0.14423076923076922
1 0.7992788461538461 0.5024038461538461 0.0985576923076923 0.20673076923076922
4 0.5853365384615384 0.2920673076923077 0.0673076923076923 0.18509615384615385
2 0.4170673076923077 0.39663461538461536 0.07211538461538461 0.14423076923076922
3 0.6887019230769231 0.41225961538461536 0.052884615384615384 0.11298076923076923
3 0.6682692307692307 0.22355769230769232 0.05048076923076923 0.11057692307692307
3 0.6069711538461539 0.5144230769230769 0.057692307692307696 0.12259615384615384
3 0.5012019230769231 0.30528846153846156 0.04567307692307692 0.11538461538461539
3 0.3449519230769231 0.055288461538461536 0.05048076923076923 0.11057692307692307
4 0.34134615384615385 0.28725961538461536 0.06490384615384616 0.18269230769230768
1 0.24158653846153846 0.36658653846153844 0.08413461538461539 0.2091346153846154
2 0.33052884615384615 0.4963942307692308 0.0625 0.15625
0 0.41586538461538464 0.6129807692307693 0.06971153846153846 0.15865384615384615
2 0.49399038461538464 0.125 0.06009615384615385 0.14903846153846154
5 0.625 0.7403846153846154 0.07932692307692307 0.15625
5 0.18509615384615385 0.04807692307692308 0.0625 0.09615384615384616
3 0.41466346153846156 0.3016826923076923 0.052884615384615384 0.10817307692307693
3 0.2644230769230769 0.04807692307692308 0.057692307692307696 0.09615384615384616
3 0.2620192307692308 0.20673076923076922 0.055288461538461536 0.10817307692307693
3 0.23076923076923078 0.6201923076923077 0.06490384615384616 0.12259615384615384