4 0.36778846153846156 0.1310096153846154 0.08653846153846154 0.18990384615384615
0 0.20192307692307693 0.12379807692307693 0.07211538461538461 0.14423076923076922
5 0.21995192307692307 0.06610576923076923 0.07451923076923077 0.13221153846153846
1 0.17427884615384615 0.2824519230769231 0.09134615384615384 0.21634615384615385
2 0.21995192307692307 0.7872596153846154 0.0985576923076923 0.17548076923076922
3 0.2932692307692308 0.14543269230769232 0.0673076923076923 0.125
3 0.2704326923076923 0.32091346153846156 0.06490384615384616 0.1201923076923077
3 0.2644230769230769 0.4254807692307692 0.0673076923076923 0.125
3 0.35697115384615385 0.5576923076923077 0.06971153846153846 0.1201923076923077
1 0.796875 0.3076923076923077 0.0985576923076923 0.2091346153846154
0 0.6286057692307693 0.15745192307692307 0.06971153846153846 0.14903846153846154
2 0.23677884615384615 0.6298076923076923 0.08653846153846154 0.17307692307692307
2 0.35697115384615385 0.42788461538461536 0.07932692307692307 0.17307692307692307
5 0.6045673076923077 0.07211538461538461 0.06490384615384616 0.1346153846153846
5 0.5288461538461539 0.3401442307692308 0.07211538461538461 0.14182692307692307
3 0.4387019230769231 0.17307692307692307 0.06009615384615385 0.1201923076923077
3 0.7067307692307693 0.3473557692307692 0.057692307692307696 0.12259615384615384
3 0.546875 0.6730769230769231 0.0673076923076923 0.13221153846153846
3 0.6129807692307693 0.546875 0.06490384615384616 0.13221153846153846