4 0.3389423076923077 0.12740384615384615 0.07692307692307693 0.19230769230769232
0 0.16826923076923078 0.12740384615384615 0.0673076923076923 0.1466346153846154
5 0.18269230769230768 0.06610576923076923 0.0673076923076923 0.13221153846153846
1 0.14783653846153846 0.2920673076923077 0.08173076923076923 0.21634615384615385
2 0.22235576923076922 0.8088942307692307 0.09134615384615384 0.1778846153846154
3 0.2644230769230769 0.14543269230769232 0.0625 0.125
3 0.24759615384615385 0.3269230769230769 0.06009615384615385 0.1201923076923077
3 0.24879807692307693 0.4338942307692308 0.0625 0.125
3 0.35216346153846156 0.5661057692307693 0.06490384615384616 0.1201923076923077
1 0.7884615384615384 0.2848557692307692 0.09134615384615384 0.21153846153846154
0 0.6069711538461539 0.140625 0.0625 0.14903846153846154
2 0.23076923076923078 0.6454326923076923 0.08173076923076923 0.17307692307692307
2 0.34375 0.43149038461538464 0.07211538461538461 0.17307692307692307
5 0.578125 0.06129807692307692 0.0625 0.12259615384615384
5 0.515625 0.3329326923076923 0.0673076923076923 0.14423076923076922
3 0.41346153846153844 0.1658653846153846 0.052884615384615384 0.1201923076923077
3 0.6983173076923077 0.3317307692307692 0.052884615384615384 0.12259615384615384
3 0.5516826923076923 0.6742788461538461 0.0625 0.13221153846153846
3 0.6129807692307693 0.5408653846153846 0.0625 0.1346153846153846