4 0.29447115384615385 0.13581730769230768 0.08653846153846154 0.1971153846153846
0 0.12139423076923077 0.14302884615384615 0.07211538461538461 0.14903846153846154
5 0.1346153846153846 0.07932692307692307 0.07211538461538461 0.1346153846153846
1 0.10697115384615384 0.3088942307692308 0.09134615384615384 0.22355769230769232
2 0.20072115384615385 0.828125 0.0985576923076923 0.18028846153846154
3 0.21875 0.15625 0.06971153846153846 0.12980769230769232
3 0.2091346153846154 0.3401442307692308 0.06490384615384616 0.12259615384615384
3 0.2127403846153846 0.4483173076923077 0.0673076923076923 0.12740384615384615
3 0.32211538461538464 0.578125 0.06971153846153846 0.125
1 0.7548076923076923 0.27884615384615385 0.0985576923076923 0.21634615384615385
0 0.5661057692307693 0.13942307692307693 0.06971153846153846 0.15384615384615385
2 0.203125 0.6634615384615384 0.0889423076923077 0.1778846153846154
2 0.3088942307692308 0.44350961538461536 0.07932692307692307 0.18028846153846154
5 0.5336538461538461 0.06370192307692307 0.07211538461538461 0.12740384615384615
5 0.4795673076923077 0.33774038461538464 0.07451923076923077 0.1466346153846154
3 0.3701923076923077 0.17307692307692307 0.057692307692307696 0.125
3 0.6646634615384616 0.3293269230769231 0.055288461538461536 0.125
3 0.5276442307692307 0.6802884615384616 0.0673076923076923 0.1346153846153846
3 0.5865384615384616 0.5432692307692307 0.06490384615384616 0.13701923076923078