2 0.21514423076923078 0.7692307692307693 0.10336538461538461 0.17067307692307693
0 0.4495192307692308 0.4230769230769231 0.08173076923076923 0.1658653846153846
4 0.38221153846153844 0.12980769230769232 0.07932692307692307 0.18990384615384615
1 0.18509615384615385 0.2692307692307692 0.10096153846153846 0.23317307692307693
5 0.23317307692307693 0.06370192307692307 0.07692307692307693 0.12740384615384615
3 0.30649038461538464 0.14783653846153846 0.0625 0.11538461538461539
3 0.27283653846153844 0.31490384615384615 0.0673076923076923 0.11538461538461539
3 0.2668269230769231 0.41466346153846156 0.07211538461538461 0.1201923076923077
3 0.35336538461538464 0.5444711538461539 0.07692307692307693 0.12980769230769232
1 0.7944711538461539 0.31850961538461536 0.10817307692307693 0.22355769230769232
5 0.6153846153846154 0.0889423076923077 0.06490384615384616 0.13221153846153846
5 0.36899038461538464 0.328125 0.07451923076923077 0.14423076923076922
2 0.35697115384615385 0.421875 0.08173076923076923 0.15865384615384615
2 0.234375 0.6201923076923077 0.08173076923076923 0.17067307692307693
0 0.5372596153846154 0.234375 0.07451923076923077 0.16346153846153846
3 0.4495192307692308 0.16826923076923078 0.0625 0.11538461538461539
3 0.7067307692307693 0.35697115384615385 0.0625 0.11057692307692307
3 0.6117788461538461 0.5480769230769231 0.0673076923076923 0.12740384615384615
3 0.5360576923076923 0.6730769230769231 0.06971153846153846 0.125