2 0.21875 0.7716346153846154 0.10096153846153846 0.16826923076923078
0 0.44591346153846156 0.4230769230769231 0.07932692307692307 0.16346153846153846
4 0.3737980769230769 0.13341346153846154 0.07451923076923077 0.18990384615384615
1 0.17908653846153846 0.27524038461538464 0.09615384615384616 0.23076923076923078
5 0.2247596153846154 0.0673076923076923 0.07451923076923077 0.1346153846153846
3 0.29927884615384615 0.15264423076923078 0.0625 0.11298076923076923
3 0.26802884615384615 0.31850961538461536 0.06490384615384616 0.11538461538461539
3 0.2644230769230769 0.4170673076923077 0.06971153846153846 0.11778846153846154
3 0.35216346153846156 0.5456730769230769 0.07451923076923077 0.12740384615384615
1 0.7872596153846154 0.3125 0.10336538461538461 0.22115384615384615
5 0.6045673076923077 0.08774038461538461 0.0625 0.13221153846153846
5 0.3641826923076923 0.33052884615384615 0.07211538461538461 0.14182692307692307
2 0.35336538461538464 0.42427884615384615 0.07932692307692307 0.15625
2 0.23557692307692307 0.6225961538461539 0.07932692307692307 0.16826923076923078
0 0.5300480769230769 0.234375 0.07211538461538461 0.16105769230769232
3 0.4411057692307692 0.17067307692307693 0.06009615384615385 0.11298076923076923
3 0.7007211538461539 0.35216346153846156 0.06009615384615385 0.11057692307692307
3 0.609375 0.5456730769230769 0.0673076923076923 0.12740384615384615
3 0.5360576923076923 0.6706730769230769 0.0673076923076923 0.12259615384615384