2 0.21995192307692307 0.7932692307692307 0.09134615384615384 0.16346153846153846
0 0.4266826923076923 0.4230769230769231 0.0673076923076923 0.16346153846153846
4 0.3317307692307692 0.13581730769230768 0.0625 0.1875
1 0.14543269230769232 0.2920673076923077 0.08173076923076923 0.2283653846153846
5 0.17548076923076922 0.07451923076923077 0.0625 0.1346153846153846
3 0.25721153846153844 0.15985576923076922 0.055288461538461536 0.11298076923076923
3 0.23798076923076922 0.3293269230769231 0.057692307692307696 0.11057692307692307
3 0.24158653846153846 0.43028846153846156 0.0625 0.11538461538461539
3 0.3389423076923077 0.5540865384615384 0.0673076923076923 0.125
1 0.7632211538461539 0.28846153846153844 0.09134615384615384 0.22115384615384615
5 0.5625 0.0733173076923077 0.055288461538461536 0.12980769230769232
5 0.33653846153846156 0.33533653846153844 0.0625 0.13942307692307693
2 0.3317307692307692 0.43149038461538464 0.06971153846153846 0.15384615384615385
2 0.22716346153846154 0.640625 0.0673076923076923 0.1658653846153846
0 0.49759615384615385 0.22596153846153846 0.0625 0.15865384615384615
3 0.4026442307692308 0.16826923076923078 0.052884615384615384 0.11057692307692307
3 0.6778846153846154 0.33413461538461536 0.052884615384615384 0.10817307692307693
3 0.5997596153846154 0.5360576923076923 0.057692307692307696 0.125
3 0.5348557692307693 0.6682692307692307 0.06009615384615385 0.1201923076923077