4 0.8209134615384616 0.3137019230769231 0.09375 0.17548076923076922
1 0.8185096153846154 0.3894230769230769 0.10096153846153846 0.20192307692307693
0 0.8076923076923077 0.2283653846153846 0.0673076923076923 0.13942307692307693
0 0.8197115384615384 0.5228365384615384 0.07451923076923077 0.13942307692307693
2 0.8004807692307693 0.1466346153846154 0.06971153846153846 0.12740384615384615
2 0.8305288461538461 0.6430288461538461 0.08653846153846154 0.1346153846153846
5 0.8028846153846154 0.078125 0.0625 0.10336538461538461
5 0.8317307692307693 0.7680288461538461 0.08413461538461539 0.1346153846153846
3 0.7271634615384616 0.7596153846153846 0.0625 0.11057692307692307
3 0.7247596153846154 0.6334134615384616 0.0625 0.10576923076923077
3 0.7247596153846154 0.5252403846153846 0.0625 0.10576923076923077
3 0.7223557692307693 0.41586538461538464 0.055288461538461536 0.10336538461538461
3 0.71875 0.31490384615384615 0.055288461538461536 0.10336538461538461
3 0.7163461538461539 0.23197115384615385 0.057692307692307696 0.10096153846153846
3 0.7175480769230769 0.1466346153846154 0.052884615384615384 0.0985576923076923
3 0.7199519230769231 0.06610576923076923 0.052884615384615384 0.09615384615384616
4 0.21394230769230768 0.23197115384615385 0.08173076923076923 0.1778846153846154
1 0.1875 0.31850961538461536 0.0889423076923077 0.20673076923076922
0 0.2247596153846154 0.15504807692307693 0.06490384615384616 0.13701923076923078
0 0.15985576923076922 0.44471153846153844 0.07692307692307693 0.1466346153846154
2 0.23918269230769232 0.078125 0.06971153846153846 0.12980769230769232
2 0.14182692307692307 0.5805288461538461 0.08173076923076923 0.14182692307692307
5 0.25721153846153844 0.03125 0.0625 0.0625
5 0.11298076923076923 0.7079326923076923 0.08653846153846154 0.1466346153846154
3 0.3329326923076923 0.03245192307692308 0.055288461538461536 0.06490384615384616
3 0.3233173076923077 0.0985576923076923 0.055288461538461536 0.09615384615384616
3 0.3137019230769231 0.18509615384615385 0.055288461538461536 0.10336538461538461
3 0.29927884615384615 0.2704326923076923 0.0625 0.10576923076923077
3 0.2860576923076923 0.375 0.0673076923076923 0.10817307692307693
3 0.265625 0.47836538461538464 0.06490384615384616 0.10817307692307693
3 0.2536057692307692 0.5829326923076923 0.06490384615384616 0.11538461538461539
3 0.23076923076923078 0.7067307692307693 0.06490384615384616 0.1201923076923077