4 0.7920673076923077 0.28846153846153844 0.07932692307692307 0.17067307692307693
1 0.7992788461538461 0.3641826923076923 0.08413461538461539 0.19951923076923078
0 0.7692307692307693 0.203125 0.055288461538461536 0.1346153846153846
0 0.8173076923076923 0.49759615384615385 0.0625 0.1346153846153846
2 0.7512019230769231 0.12259615384615384 0.06009615384615385 0.125
2 0.8425480769230769 0.6177884615384616 0.07692307692307693 0.12980769230769232
5 0.7439903846153846 0.052884615384615384 0.055288461538461536 0.10576923076923077
5 0.8605769230769231 0.7427884615384616 0.07451923076923077 0.12980769230769232
3 0.7536057692307693 0.7463942307692307 0.055288461538461536 0.10817307692307693
3 0.7355769230769231 0.6213942307692307 0.055288461538461536 0.10336538461538461
3 0.7211538461538461 0.5120192307692307 0.055288461538461536 0.10096153846153846
3 0.7067307692307693 0.4026442307692308 0.04807692307692308 0.10096153846153846
3 0.6899038461538461 0.3016826923076923 0.04807692307692308 0.10096153846153846
3 0.6766826923076923 0.21754807692307693 0.04807692307692308 0.0985576923076923
3 0.6682692307692307 0.1346153846153846 0.04567307692307692 0.09615384615384616
3 0.6610576923076923 0.05048076923076923 0.04807692307692308 0.10096153846153846
4 0.17307692307692307 0.2800480769230769 0.06971153846153846 0.17548076923076922
1 0.15745192307692307 0.3701923076923077 0.07211538461538461 0.20192307692307693
0 0.17427884615384615 0.203125 0.052884615384615384 0.1346153846153846
0 0.14423076923076922 0.5012019230769231 0.06490384615384616 0.14423076923076922
2 0.18028846153846154 0.125 0.06009615384615385 0.12740384615384615
2 0.14423076923076922 0.6394230769230769 0.07211538461538461 0.13942307692307693
5 0.18870192307692307 0.052884615384615384 0.052884615384615384 0.09615384615384616
5 0.12980769230769232 0.7704326923076923 0.07692307692307693 0.14423076923076922
3 0.2644230769230769 0.05048076923076923 0.052884615384615384 0.09375
3 0.2668269230769231 0.13341346153846154 0.04807692307692308 0.09375
3 0.2668269230769231 0.22235576923076922 0.04807692307692308 0.10096153846153846
3 0.2620192307692308 0.3088942307692308 0.052884615384615384 0.10336538461538461
3 0.26322115384615385 0.41466346153846156 0.057692307692307696 0.10576923076923077
3 0.2548076923076923 0.5228365384615384 0.057692307692307696 0.10336538461538461
3 0.25600961538461536 0.6286057692307693 0.055288461538461536 0.11298076923076923
3 0.24879807692307693 0.7548076923076923 0.055288461538461536 0.11778846153846154