4 0.796875 0.2824519230769231 0.08413461538461539 0.17307692307692307
1 0.8064903846153846 0.35697115384615385 0.09134615384615384 0.19951923076923078
0 0.7704326923076923 0.19951923076923078 0.06009615384615385 0.13701923076923078
0 0.8293269230769231 0.4891826923076923 0.0673076923076923 0.13701923076923078
2 0.7512019230769231 0.1201923076923077 0.06490384615384616 0.125
2 0.8581730769230769 0.6069711538461539 0.08173076923076923 0.13221153846153846
5 0.7427884615384616 0.052884615384615384 0.057692307692307696 0.10576923076923077
5 0.8786057692307693 0.7295673076923077 0.07692307692307693 0.12980769230769232
3 0.7752403846153846 0.7367788461538461 0.057692307692307696 0.10817307692307693
3 0.7524038461538461 0.6129807692307693 0.057692307692307696 0.10336538461538461
3 0.734375 0.5060096153846154 0.057692307692307696 0.10336538461538461
3 0.7163461538461539 0.39783653846153844 0.05048076923076923 0.10096153846153846
3 0.6959134615384616 0.29927884615384615 0.05048076923076923 0.10096153846153846
3 0.6814903846153846 0.21754807692307693 0.052884615384615384 0.0985576923076923
3 0.6682692307692307 0.13341346153846154 0.04807692307692308 0.09615384615384616
3 0.6586538461538461 0.05048076923076923 0.04807692307692308 0.10096153846153846
4 0.18509615384615385 0.2956730769230769 0.07451923076923077 0.17548076923076922
1 0.17307692307692307 0.3858173076923077 0.07932692307692307 0.20192307692307693
0 0.18269230769230768 0.21875 0.057692307692307696 0.13701923076923078
0 0.16346153846153846 0.515625 0.06971153846153846 0.14423076923076922
2 0.18509615384615385 0.140625 0.06490384615384616 0.12740384615384615
2 0.16826923076923078 0.6526442307692307 0.07451923076923077 0.13942307692307693
5 0.19230769230769232 0.0673076923076923 0.055288461538461536 0.10576923076923077
5 0.15865384615384615 0.7824519230769231 0.08173076923076923 0.14423076923076922
3 0.26802884615384615 0.06490384615384616 0.05048076923076923 0.09375
3 0.2704326923076923 0.14783653846153846 0.05048076923076923 0.09375
3 0.27524038461538464 0.234375 0.05048076923076923 0.10096153846153846
3 0.27403846153846156 0.32211538461538464 0.057692307692307696 0.10336538461538461
3 0.2776442307692308 0.4266826923076923 0.0625 0.10576923076923077
3 0.27403846153846156 0.5324519230769231 0.06009615384615385 0.10576923076923077
3 0.27884615384615385 0.6370192307692307 0.057692307692307696 0.11298076923076923
3 0.27524038461538464 0.7620192307692307 0.057692307692307696 0.11778846153846154