4 0.30288461538461536 0.15504807692307693 0.0889423076923077 0.1971153846153846
5 0.14543269230769232 0.11057692307692307 0.07932692307692307 0.14423076923076922
0 0.13942307692307693 0.17307692307692307 0.07932692307692307 0.16105769230769232
1 0.12980769230769232 0.34134615384615385 0.0985576923076923 0.22596153846153846
2 0.25240384615384615 0.8461538461538461 0.10336538461538461 0.18028846153846154
3 0.22956730769230768 0.18028846153846154 0.0673076923076923 0.1201923076923077
3 0.22956730769230768 0.36538461538461536 0.0673076923076923 0.11778846153846154
3 0.24158653846153846 0.4699519230769231 0.07692307692307693 0.125
3 0.3581730769230769 0.5961538461538461 0.07451923076923077 0.12740384615384615
1 0.7728365384615384 0.27884615384615385 0.11057692307692307 0.22115384615384615
5 0.5432692307692307 0.06971153846153846 0.07692307692307693 0.13942307692307693
0 0.4831730769230769 0.2283653846153846 0.07932692307692307 0.16826923076923078
5 0.4987980769230769 0.35096153846153844 0.07932692307692307 0.13942307692307693
2 0.33774038461538464 0.4567307692307692 0.09375 0.1778846153846154
2 0.2403846153846154 0.6887019230769231 0.09134615384615384 0.17307692307692307
3 0.3858173076923077 0.18028846153846154 0.0625 0.12259615384615384
3 0.5625 0.6875 0.07211538461538461 0.12740384615384615
3 0.6838942307692307 0.33052884615384615 0.0673076923076923 0.12259615384615384
3 0.6237980769230769 0.5492788461538461 0.0673076923076923 0.125