4 0.3137019230769231 0.12139423076923077 0.08653846153846154 0.1971153846153846
5 0.15625 0.0829326923076923 0.07692307692307693 0.125
0 0.14903846153846154 0.13701923076923078 0.07692307692307693 0.15865384615384615
1 0.13701923076923078 0.30408653846153844 0.09375 0.22355769230769232
2 0.2512019230769231 0.8112980769230769 0.10096153846153846 0.1778846153846154
3 0.23918269230769232 0.14423076923076922 0.06490384615384616 0.1201923076923077
3 0.23677884615384615 0.33052884615384615 0.06490384615384616 0.11778846153846154
3 0.24639423076923078 0.43509615384615385 0.07451923076923077 0.12259615384615384
3 0.3605769230769231 0.5625 0.07211538461538461 0.12740384615384615
1 0.7800480769230769 0.25240384615384615 0.10576923076923077 0.22115384615384615
5 0.5552884615384616 0.055288461538461536 0.07692307692307693 0.11057692307692307
0 0.49158653846153844 0.1971153846153846 0.07692307692307693 0.16826923076923078
5 0.5048076923076923 0.31850961538461536 0.07692307692307693 0.13701923076923078
2 0.3425480769230769 0.4230769230769231 0.0889423076923077 0.17548076923076922
2 0.2403846153846154 0.6526442307692307 0.0889423076923077 0.17067307692307693
3 0.3954326923076923 0.14783653846153846 0.06009615384615385 0.12259615384615384
3 0.5637019230769231 0.6586538461538461 0.06971153846153846 0.12740384615384615
3 0.6911057692307693 0.30408653846153844 0.06490384615384616 0.12259615384615384
3 0.6262019230769231 0.5204326923076923 0.06490384615384616 0.125