4 0.28966346153846156 0.16826923076923078 0.08653846153846154 0.1971153846153846
5 0.1310096153846154 0.1201923076923077 0.07692307692307693 0.14182692307692307
0 0.12620192307692307 0.18269230769230768 0.07692307692307693 0.15865384615384615
1 0.1141826923076923 0.34975961538461536 0.09375 0.22355769230769232
2 0.22716346153846154 0.8581730769230769 0.10096153846153846 0.1778846153846154
3 0.21514423076923078 0.19110576923076922 0.06490384615384616 0.1201923076923077
3 0.2127403846153846 0.3762019230769231 0.06490384615384616 0.11778846153846154
3 0.22115384615384615 0.4807692307692308 0.07451923076923077 0.12259615384615384
3 0.33774038461538464 0.609375 0.07211538461538461 0.12740384615384615
1 0.7572115384615384 0.29927884615384615 0.10576923076923077 0.22115384615384615
5 0.5300480769230769 0.07932692307692307 0.07211538461538461 0.14182692307692307
0 0.46875 0.2439903846153846 0.07692307692307693 0.16826923076923078
5 0.48197115384615385 0.36538461538461536 0.07692307692307693 0.13701923076923078
2 0.31971153846153844 0.46875 0.0889423076923077 0.17548076923076922
2 0.21754807692307693 0.6995192307692307 0.0889423076923077 0.17067307692307693
3 0.37259615384615385 0.19471153846153846 0.06009615384615385 0.12259615384615384
3 0.5396634615384616 0.7043269230769231 0.06971153846153846 0.12740384615384615
3 0.6682692307692307 0.34975961538461536 0.06490384615384616 0.12259615384615384
3 0.6033653846153846 0.5661057692307693 0.06490384615384616 0.125