5 0.44591346153846156 0.26322115384615385 0.0673076923076923 0.13701923076923078
1 0.3629807692307692 0.4326923076923077 0.0889423076923077 0.21634615384615385
3 0.4387019230769231 0.3545673076923077 0.06009615384615385 0.11778846153846154
3 0.35336538461538464 0.18990384615384615 0.06009615384615385 0.11778846153846154
3 0.25961538461538464 0.09975961538461539 0.06009615384615385 0.11298076923076923
3 0.2764423076923077 0.7127403846153846 0.0673076923076923 0.12259615384615384
1 0.7019230769230769 0.7692307692307693 0.09615384615384616 0.22115384615384615
5 0.9002403846153846 0.796875 0.0889423076923077 0.15144230769230768
4 0.6129807692307693 0.3293269230769231 0.07692307692307693 0.19471153846153846
3 0.6947115384615384 0.2512019230769231 0.05048076923076923 0.11298076923076923
3 0.5288461538461539 0.3473557692307692 0.052884615384615384 0.11298076923076923
3 0.6550480769230769 0.5600961538461539 0.0625 0.1201923076923077