5 0.41947115384615385 0.25721153846153844 0.0625 0.13701923076923078
1 0.3233173076923077 0.421875 0.08173076923076923 0.21634615384615385
3 0.4050480769230769 0.3485576923076923 0.057692307692307696 0.11778846153846154
3 0.3317307692307692 0.17668269230769232 0.057692307692307696 0.11538461538461539
3 0.24278846153846154 0.07932692307692307 0.055288461538461536 0.11298076923076923
3 0.21634615384615385 0.6983173076923077 0.06490384615384616 0.12259615384615384
1 0.6418269230769231 0.7836538461538461 0.09134615384615384 0.22115384615384615
5 0.8401442307692307 0.8269230769230769 0.08653846153846154 0.14903846153846154
4 0.5817307692307693 0.33533653846153844 0.06971153846153846 0.19230769230769232
3 0.6706730769230769 0.2620192307692308 0.04807692307692308 0.11298076923076923
3 0.4963942307692308 0.34615384615384615 0.05048076923076923 0.11298076923076923
3 0.6081730769230769 0.5709134615384616 0.057692307692307696 0.1201923076923077