5 0.4483173076923077 0.24639423076923078 0.0673076923076923 0.13701923076923078
1 0.36538461538461536 0.4170673076923077 0.0889423076923077 0.21634615384615385
3 0.4411057692307692 0.33774038461538464 0.0625 0.1201923076923077
3 0.3557692307692308 0.17307692307692307 0.06009615384615385 0.11778846153846154
3 0.2620192307692308 0.0829326923076923 0.06009615384615385 0.11298076923076923
3 0.2776442307692308 0.6983173076923077 0.0673076923076923 0.125
1 0.7055288461538461 0.7536057692307693 0.09615384615384616 0.22355769230769232
5 0.90625 0.7836538461538461 0.09134615384615384 0.15144230769230768
4 0.6153846153846154 0.3137019230769231 0.07692307692307693 0.19471153846153846
3 0.6995192307692307 0.234375 0.05048076923076923 0.11298076923076923
3 0.5324519230769231 0.3293269230769231 0.052884615384615384 0.11298076923076923
3 0.6586538461538461 0.5444711538461539 0.0625 0.1201923076923077