1 0.7572115384615384 0.2860576923076923 0.08413461538461539 0.19230769230769232
4 0.7848557692307693 0.3858173076923077 0.08173076923076923 0.17307692307692307
2 0.8161057692307693 0.5216346153846154 0.07692307692307693 0.12980769230769232
2 0.7512019230769231 0.22956730769230768 0.06971153846153846 0.12259615384615384
0 0.8293269230769231 0.6370192307692307 0.07451923076923077 0.14423076923076922
0 0.7223557692307693 0.13942307692307693 0.057692307692307696 0.14182692307692307
5 0.703125 0.06850961538461539 0.06009615384615385 0.11778846153846154
5 0.8617788461538461 0.7680288461538461 0.08653846153846154 0.13942307692307693
3 0.7572115384615384 0.7728365384615384 0.0625 0.11298076923076923
3 0.7295673076923077 0.6322115384615384 0.06009615384615385 0.11298076923076923
3 0.7007211538461539 0.5324519230769231 0.057692307692307696 0.10576923076923077
3 0.6911057692307693 0.4182692307692308 0.055288461538461536 0.10336538461538461
3 0.6682692307692307 0.3317307692307692 0.0625 0.10576923076923077
3 0.6622596153846154 0.25721153846153844 0.052884615384615384 0.10336538461538461
3 0.6358173076923077 0.16826923076923078 0.052884615384615384 0.10096153846153846
3 0.6298076923076923 0.078125 0.04807692307692308 0.10336538461538461
4 0.16466346153846154 0.34134615384615385 0.07692307692307693 0.1778846153846154
1 0.15264423076923078 0.4230769230769231 0.08653846153846154 0.19951923076923078
2 0.15264423076923078 0.2608173076923077 0.0673076923076923 0.125
2 0.15625 0.5600961538461539 0.08413461538461539 0.14182692307692307
0 0.16346153846153846 0.15985576923076922 0.0673076923076923 0.1466346153846154
0 0.14423076923076922 0.6814903846153846 0.07692307692307693 0.1466346153846154
5 0.16947115384615385 0.1045673076923077 0.0625 0.1201923076923077
5 0.1466346153846154 0.8269230769230769 0.08413461538461539 0.14423076923076922
3 0.24158653846153846 0.10096153846153846 0.055288461538461536 0.10336538461538461
3 0.2536057692307692 0.1778846153846154 0.055288461538461536 0.10817307692307693
3 0.2439903846153846 0.265625 0.055288461538461536 0.10576923076923077
3 0.24639423076923078 0.35096153846153844 0.057692307692307696 0.10576923076923077
3 0.25240384615384615 0.4483173076923077 0.0625 0.11298076923076923
3 0.2512019230769231 0.8161057692307693 0.0673076923076923 0.11298076923076923
3 0.24879807692307693 0.6778846153846154 0.06490384615384616 0.1201923076923077
3 0.43149038461538464 0.5600961538461539 0.057692307692307696 0.11778846153846154