1 0.7860576923076923 0.2668269230769231 0.08413461538461539 0.20192307692307693
4 0.8125 0.37259615384615385 0.08413461538461539 0.18028846153846154
2 0.84375 0.515625 0.07692307692307693 0.1346153846153846
2 0.7824519230769231 0.20793269230769232 0.07211538461538461 0.12740384615384615
0 0.8557692307692307 0.6358173076923077 0.07451923076923077 0.14903846153846154
0 0.7512019230769231 0.11298076923076923 0.057692307692307696 0.1466346153846154
5 0.734375 0.051682692307692304 0.06490384615384616 0.10336538461538461
5 0.8870192307692307 0.7728365384615384 0.0889423076923077 0.14423076923076922
3 0.7764423076923077 0.7776442307692307 0.06490384615384616 0.11538461538461539
3 0.7512019230769231 0.6298076923076923 0.06009615384615385 0.11538461538461539
3 0.7223557692307693 0.5252403846153846 0.057692307692307696 0.11057692307692307
3 0.7139423076923077 0.40384615384615385 0.055288461538461536 0.10817307692307693
3 0.6923076923076923 0.3137019230769231 0.0625 0.10817307692307693
3 0.6862980769230769 0.234375 0.055288461538461536 0.10817307692307693
3 0.6610576923076923 0.140625 0.052884615384615384 0.10576923076923077
3 0.65625 0.052884615384615384 0.052884615384615384 0.10576923076923077
4 0.16346153846153846 0.31490384615384615 0.07932692307692307 0.1875
1 0.14903846153846154 0.39903846153846156 0.08653846153846154 0.20673076923076922
2 0.15264423076923078 0.22956730769230768 0.0673076923076923 0.12980769230769232
2 0.1502403846153846 0.5432692307692307 0.08653846153846154 0.1466346153846154
0 0.16466346153846154 0.125 0.0673076923076923 0.15144230769230768
0 0.13701923076923078 0.6706730769230769 0.07692307692307693 0.15384615384615385
5 0.17307692307692307 0.06971153846153846 0.06490384615384616 0.1201923076923077
5 0.13581730769230768 0.8233173076923077 0.08653846153846154 0.14903846153846154
3 0.24879807692307693 0.0625 0.055288461538461536 0.10576923076923077
3 0.25961538461538464 0.14543269230769232 0.055288461538461536 0.11298076923076923
3 0.24879807692307693 0.23557692307692307 0.057692307692307696 0.11057692307692307
3 0.25 0.3245192307692308 0.06009615384615385 0.11057692307692307
3 0.2548076923076923 0.42788461538461536 0.06490384615384616 0.11778846153846154
3 0.24639423076923078 0.8137019230769231 0.06971153846153846 0.11778846153846154
3 0.24639423076923078 0.6682692307692307 0.0673076923076923 0.125
3 0.4387019230769231 0.5480769230769231 0.06009615384615385 0.1201923076923077