1 0.7463942307692307 0.2764423076923077 0.09375 0.1971153846153846
4 0.7788461538461539 0.375 0.09134615384615384 0.17548076923076922
2 0.8173076923076923 0.5084134615384616 0.08173076923076923 0.13221153846153846
2 0.7379807692307693 0.22115384615384615 0.07692307692307693 0.125
0 0.8365384615384616 0.6225961538461539 0.07932692307692307 0.1466346153846154
0 0.703125 0.13221153846153846 0.06490384615384616 0.14182692307692307
5 0.6814903846153846 0.0625 0.06490384615384616 0.1201923076923077
5 0.8762019230769231 0.7512019230769231 0.09375 0.14182692307692307
3 0.7716346153846154 0.7632211538461539 0.06971153846153846 0.11538461538461539
3 0.7367788461538461 0.625 0.06490384615384616 0.11538461538461539
3 0.7019230769230769 0.5276442307692307 0.0625 0.10817307692307693
3 0.6862980769230769 0.4110576923076923 0.06009615384615385 0.10576923076923077
3 0.6598557692307693 0.3269230769230769 0.0673076923076923 0.10817307692307693
3 0.6490384615384616 0.2536057692307692 0.057692307692307696 0.10576923076923077
3 0.6177884615384616 0.16466346153846154 0.057692307692307696 0.10336538461538461
3 0.6081730769230769 0.07692307692307693 0.052884615384615384 0.10576923076923077
4 0.15745192307692307 0.3629807692307692 0.08653846153846154 0.18269230769230768
1 0.1502403846153846 0.44471153846153844 0.09615384615384616 0.20192307692307693
2 0.140625 0.2824519230769231 0.07451923076923077 0.12740384615384615
2 0.16105769230769232 0.5829326923076923 0.09134615384615384 0.14423076923076922
0 0.1466346153846154 0.1814903846153846 0.07451923076923077 0.14903846153846154
0 0.15504807692307693 0.703125 0.08413461538461539 0.15144230769230768
5 0.1502403846153846 0.12620192307692307 0.0673076923076923 0.12259615384615384
5 0.16466346153846154 0.8485576923076923 0.09134615384615384 0.1466346153846154
3 0.22235576923076922 0.11778846153846154 0.06009615384615385 0.10336538461538461
3 0.23677884615384615 0.19471153846153846 0.06009615384615385 0.11057692307692307
3 0.23317307692307693 0.2824519230769231 0.06009615384615385 0.10817307692307693
3 0.23918269230769232 0.36778846153846156 0.0625 0.10817307692307693
3 0.2512019230769231 0.4651442307692308 0.0673076923076923 0.11538461538461539
3 0.2692307692307692 0.8329326923076923 0.07211538461538461 0.11538461538461539
3 0.25961538461538464 0.6947115384615384 0.06971153846153846 0.12259615384615384
3 0.43509615384615385 0.5673076923076923 0.06490384615384616 0.1201923076923077