5 0.8341346153846154 0.8149038461538461 0.08653846153846154 0.14423076923076922
1 0.7776442307692307 0.31971153846153844 0.08653846153846154 0.21153846153846154
5 0.7536057692307693 0.10096153846153846 0.0625 0.12740384615384615
4 0.515625 0.4326923076923077 0.06971153846153846 0.18269230769230768
2 0.6237980769230769 0.6766826923076923 0.07211538461538461 0.15625
2 0.6009615384615384 0.3473557692307692 0.06490384615384616 0.14423076923076922
3 0.7259615384615384 0.8112980769230769 0.06490384615384616 0.12259615384615384
3 0.5997596153846154 0.5540865384615384 0.057692307692307696 0.11057692307692307
3 0.5276442307692307 0.6802884615384616 0.06009615384615385 0.11538461538461539
3 0.6899038461538461 0.3629807692307692 0.055288461538461536 0.11298076923076923
3 0.5204326923076923 0.27163461538461536 0.06009615384615385 0.11298076923076923
3 0.5877403846153846 0.1814903846153846 0.057692307692307696 0.11057692307692307
0 0.6706730769230769 0.09014423076923077 0.0625 0.14423076923076922
0 0.34615384615384615 0.5456730769230769 0.0673076923076923 0.15144230769230768
0 0.18990384615384615 0.13701923076923078 0.06971153846153846 0.1466346153846154
5 0.20552884615384615 0.07692307692307693 0.06009615384615385 0.12259615384615384
1 0.15264423076923078 0.3954326923076923 0.08653846153846154 0.20432692307692307
4 0.35216346153846156 0.14182692307692307 0.07211538461538461 0.18509615384615385
2 0.3485576923076923 0.3293269230769231 0.0673076923076923 0.13942307692307693
2 0.1466346153846154 0.5384615384615384 0.08173076923076923 0.14182692307692307
0 0.12139423076923077 0.6550480769230769 0.07932692307692307 0.15144230769230768
3 0.22956730769230768 0.6682692307692307 0.0625 0.11778846153846154
3 0.2512019230769231 0.43509615384615385 0.06971153846153846 0.11298076923076923
3 0.2548076923076923 0.3329326923076923 0.057692307692307696 0.11538461538461539
3 0.2776442307692308 0.16346153846153846 0.06009615384615385 0.11538461538461539
3 0.4266826923076923 0.0829326923076923 0.055288461538461536 0.11298076923076923
3 0.42427884615384615 0.24639423076923078 0.057692307692307696 0.11057692307692307