5 0.8822115384615384 0.7776442307692307 0.0889423076923077 0.1466346153846154
1 0.765625 0.28725961538461536 0.09134615384615384 0.21634615384615385
5 0.7139423076923077 0.07091346153846154 0.06490384615384616 0.12980769230769232
4 0.5168269230769231 0.4338942307692308 0.07451923076923077 0.1875
2 0.6550480769230769 0.6634615384615384 0.07451923076923077 0.15865384615384615
2 0.5913461538461539 0.33653846153846156 0.0673076923076923 0.14423076923076922
3 0.7740384615384616 0.7872596153846154 0.0673076923076923 0.125
3 0.6153846153846154 0.5444711538461539 0.06009615384615385 0.11057692307692307
3 0.5600961538461539 0.6814903846153846 0.0625 0.11538461538461539
3 0.6826923076923077 0.3425480769230769 0.06009615384615385 0.11298076923076923
3 0.5012019230769231 0.2704326923076923 0.0625 0.11298076923076923
3 0.5576923076923077 0.17307692307692307 0.06009615384615385 0.11057692307692307
0 0.6298076923076923 0.07211538461538461 0.0673076923076923 0.14423076923076922
0 0.3605769230769231 0.5685096153846154 0.06971153846153846 0.15384615384615385
0 0.15384615384615385 0.17668269230769232 0.07211538461538461 0.14903846153846154
5 0.1622596153846154 0.1141826923076923 0.06009615384615385 0.125
1 0.14903846153846154 0.43990384615384615 0.09134615384615384 0.2091346153846154
4 0.3173076923076923 0.16105769230769232 0.07692307692307693 0.1875
2 0.33653846153846156 0.34975961538461536 0.07211538461538461 0.14182692307692307
2 0.15865384615384615 0.5853365384615384 0.08413461538461539 0.14423076923076922
0 0.14783653846153846 0.7055288461538461 0.08173076923076923 0.15384615384615385
3 0.25841346153846156 0.7055288461538461 0.06490384615384616 0.1201923076923077
3 0.2512019230769231 0.46875 0.07211538461538461 0.11538461538461539
3 0.2439903846153846 0.36538461538461536 0.06009615384615385 0.11778846153846154
3 0.24639423076923078 0.19230769230769232 0.0625 0.11538461538461539
3 0.38341346153846156 0.09375 0.057692307692307696 0.11298076923076923
3 0.4026442307692308 0.25721153846153844 0.06009615384615385 0.11057692307692307