5 0.8509615384615384 0.8341346153846154 0.09134615384615384 0.14903846153846154
1 0.8028846153846154 0.32091346153846156 0.09375 0.22115384615384615
5 0.78125 0.09495192307692307 0.0673076923076923 0.13221153846153846
4 0.5300480769230769 0.4338942307692308 0.07451923076923077 0.18990384615384615
2 0.6370192307692307 0.6862980769230769 0.07932692307692307 0.16105769230769232
2 0.6177884615384616 0.3473557692307692 0.0673076923076923 0.14903846153846154
3 0.7391826923076923 0.8293269230769231 0.06971153846153846 0.12740384615384615
3 0.6141826923076923 0.5612980769230769 0.0625 0.11298076923076923
3 0.5372596153846154 0.6911057692307693 0.0625 0.11778846153846154
3 0.7103365384615384 0.36538461538461536 0.06009615384615385 0.11538461538461539
3 0.5372596153846154 0.2668269230769231 0.0625 0.11538461538461539
3 0.609375 0.17668269230769232 0.0625 0.11298076923076923
0 0.6947115384615384 0.08413461538461539 0.0673076923076923 0.14903846153846154
0 0.35216346153846156 0.5480769230769231 0.06971153846153846 0.15625
0 0.19831730769230768 0.12259615384615384 0.07451923076923077 0.15144230769230768
5 0.21754807692307693 0.0625 0.06490384615384616 0.125
1 0.15625 0.38822115384615385 0.09375 0.21394230769230768
4 0.36658653846153844 0.1310096153846154 0.07932692307692307 0.19230769230769232
2 0.359375 0.3233173076923077 0.07451923076923077 0.14423076923076922
2 0.14543269230769232 0.5360576923076923 0.0889423076923077 0.1466346153846154
0 0.11778846153846154 0.65625 0.08413461538461539 0.15625
3 0.22956730769230768 0.6730769230769231 0.06490384615384616 0.12259615384615384
3 0.25600961538461536 0.4326923076923077 0.07451923076923077 0.11778846153846154
3 0.26322115384615385 0.32572115384615385 0.06009615384615385 0.1201923076923077
3 0.28966346153846156 0.15144230769230768 0.0625 0.11778846153846154
3 0.44471153846153844 0.07091346153846154 0.06009615384615385 0.11538461538461539
3 0.4387019230769231 0.2403846153846154 0.0625 0.11298076923076923