5 0.6358173076923077 0.796875 0.07932692307692307 0.1466346153846154
5 0.8389423076923077 0.8100961538461539 0.08173076923076923 0.14182692307692307
1 0.7235576923076923 0.6598557692307693 0.09615384615384616 0.21634615384615385
4 0.6081730769230769 0.33774038461538464 0.07932692307692307 0.18269230769230768
3 0.6959134615384616 0.2692307692307692 0.052884615384615384 0.10817307692307693
3 0.6225961538461539 0.5649038461538461 0.0625 0.1201923076923077
3 0.5240384615384616 0.34375 0.055288461538461536 0.10817307692307693
5 0.26322115384615385 0.5384615384615384 0.07211538461538461 0.1466346153846154
1 0.359375 0.4098557692307692 0.08653846153846154 0.20192307692307693
5 0.18629807692307693 0.2403846153846154 0.07451923076923077 0.13221153846153846
3 0.43990384615384615 0.34134615384615385 0.055288461538461536 0.11298076923076923
3 0.375 0.18028846153846154 0.055288461538461536 0.11298076923076923
3 0.29086538461538464 0.07692307692307693 0.055288461538461536 0.10817307692307693
3 0.24519230769230768 0.6682692307692307 0.0673076923076923 0.11298076923076923