5 0.6838942307692307 0.7788461538461539 0.08653846153846154 0.15144230769230768
5 0.890625 0.7620192307692307 0.09134615384615384 0.14903846153846154
1 0.7536057692307693 0.625 0.10336538461538461 0.22355769230769232
4 0.5901442307692307 0.3137019230769231 0.0889423076923077 0.18990384615384615
3 0.6694711538461539 0.23317307692307693 0.057692307692307696 0.11298076923076923
3 0.6370192307692307 0.5432692307692307 0.0673076923076923 0.125
3 0.5048076923076923 0.3329326923076923 0.06009615384615385 0.11057692307692307
5 0.26802884615384615 0.5673076923076923 0.07932692307692307 0.15384615384615385
1 0.34615384615384615 0.4230769230769231 0.09615384615384616 0.2091346153846154
5 0.1466346153846154 0.2764423076923077 0.08173076923076923 0.13701923076923078
3 0.4182692307692308 0.3425480769230769 0.0625 0.11778846153846154
3 0.3293269230769231 0.1875 0.06009615384615385 0.11778846153846154
3 0.22956730769230768 0.09615384615384616 0.06009615384615385 0.11298076923076923
3 0.26802884615384615 0.7019230769230769 0.07211538461538461 0.1201923076923077