5 0.6237980769230769 0.7896634615384616 0.08413461538461539 0.1466346153846154
5 0.8245192307692307 0.8088942307692307 0.08653846153846154 0.14423076923076922
1 0.7151442307692307 0.6550480769230769 0.10096153846153846 0.21875
4 0.6117788461538461 0.33052884615384615 0.08653846153846154 0.18509615384615385
3 0.7019230769230769 0.2668269230769231 0.057692307692307696 0.11057692307692307
3 0.6177884615384616 0.5576923076923077 0.06490384615384616 0.1201923076923077
3 0.5276442307692307 0.33413461538461536 0.057692307692307696 0.10817307692307693
5 0.26322115384615385 0.5192307692307693 0.07692307692307693 0.14903846153846154
1 0.36177884615384615 0.3942307692307692 0.09134615384615384 0.20192307692307693
5 0.19471153846153846 0.21995192307692307 0.07932692307692307 0.13221153846153846
3 0.44350961538461536 0.328125 0.06009615384615385 0.11298076923076923
3 0.3858173076923077 0.16706730769230768 0.057692307692307696 0.11298076923076923
3 0.30528846153846156 0.0625 0.057692307692307696 0.10817307692307693
3 0.23918269230769232 0.6478365384615384 0.06971153846153846 0.11538461538461539