5 0.5661057692307693 0.06370192307692307 0.06009615384615385 0.12740384615384615
5 0.8569711538461539 0.7199519230769231 0.08173076923076923 0.14423076923076922
1 0.7872596153846154 0.3557692307692308 0.0889423076923077 0.20432692307692307
4 0.5889423076923077 0.28725961538461536 0.07932692307692307 0.17548076923076922
3 0.6478365384615384 0.13581730769230768 0.05048076923076923 0.10336538461538461
3 0.6646634615384616 0.21875 0.05048076923076923 0.11057692307692307
3 0.6959134615384616 0.390625 0.057692307692307696 0.11538461538461539
3 0.6237980769230769 0.5012019230769231 0.055288461538461536 0.11057692307692307
3 0.5084134615384616 0.3016826923076923 0.06009615384615385 0.11057692307692307
3 0.49759615384615385 0.06370192307692307 0.05048076923076923 0.10336538461538461
2 0.5745192307692307 0.12860576923076922 0.055288461538461536 0.13701923076923078
2 0.43509615384615385 0.39903846153846156 0.07692307692307693 0.14423076923076922
4 0.35096153846153844 0.30288461538461536 0.07932692307692307 0.17307692307692307
5 0.18509615384615385 0.07211538461538461 0.06490384615384616 0.11538461538461539
5 0.2692307692307692 0.7596153846153846 0.07692307692307693 0.13942307692307693
1 0.16105769230769232 0.38100961538461536 0.0889423076923077 0.20192307692307693
0 0.15504807692307693 0.5060096153846154 0.08173076923076923 0.14182692307692307
2 0.35216346153846156 0.203125 0.0673076923076923 0.13942307692307693
2 0.17067307692307693 0.625 0.08653846153846154 0.14903846153846154
3 0.4266826923076923 0.30288461538461536 0.055288461538461536 0.11057692307692307
3 0.2620192307692308 0.0673076923076923 0.05048076923076923 0.10576923076923077
3 0.27283653846153844 0.22716346153846154 0.055288461538461536 0.11298076923076923
3 0.2704326923076923 0.6286057692307693 0.06490384615384616 0.125
3 0.45913461538461536 0.7403846153846154 0.0673076923076923 0.12259615384615384