5 0.6526442307692307 0.07091346153846154 0.0673076923076923 0.12259615384615384
5 0.8557692307692307 0.7848557692307693 0.09134615384615384 0.15144230769230768
1 0.8365384615384616 0.39903846153846156 0.10096153846153846 0.21394230769230768
4 0.6430288461538461 0.29927884615384615 0.0889423076923077 0.18509615384615385
3 0.7259615384615384 0.1502403846153846 0.055288461538461536 0.11057692307692307
3 0.7307692307692307 0.23918269230769232 0.057692307692307696 0.11778846153846154
3 0.7379807692307693 0.421875 0.06490384615384616 0.12259615384615384
3 0.6490384615384616 0.5240384615384616 0.0625 0.11778846153846154
3 0.5576923076923077 0.30288461538461536 0.0673076923076923 0.11778846153846154
3 0.5793269230769231 0.056490384615384616 0.057692307692307696 0.10817307692307693
2 0.6502403846153846 0.1346153846153846 0.0625 0.14423076923076922
2 0.46634615384615385 0.3918269230769231 0.08653846153846154 0.15144230769230768
4 0.3942307692307692 0.2824519230769231 0.0889423076923077 0.18269230769230768
5 0.25721153846153844 0.040865384615384616 0.07692307692307693 0.08173076923076923
5 0.2439903846153846 0.7403846153846154 0.08653846153846154 0.14903846153846154
1 0.18629807692307693 0.33413461538461536 0.10096153846153846 0.21153846153846154
0 0.16346153846153846 0.46153846153846156 0.09134615384615384 0.15144230769230768
2 0.4098557692307692 0.17668269230769232 0.07692307692307693 0.14903846153846154
2 0.1622596153846154 0.5889423076923077 0.09375 0.15865384615384615
3 0.4735576923076923 0.29086538461538464 0.0625 0.11538461538461539
3 0.33774038461538464 0.042067307692307696 0.06009615384615385 0.08413461538461539
3 0.3245192307692308 0.19110576923076922 0.06009615384615385 0.11778846153846154
3 0.2644230769230769 0.6045673076923077 0.07451923076923077 0.13221153846153846
3 0.44350961538461536 0.7475961538461539 0.07451923076923077 0.12980769230769232