5 0.5564903846153846 0.06370192307692307 0.06490384615384616 0.12740384615384615
5 0.8569711538461539 0.7127403846153846 0.08413461538461539 0.14423076923076922
1 0.78125 0.34975961538461536 0.09375 0.20432692307692307
4 0.5817307692307693 0.2848557692307692 0.08173076923076923 0.1778846153846154
3 0.6382211538461539 0.13221153846153846 0.05048076923076923 0.10576923076923077
3 0.65625 0.21394230769230768 0.052884615384615384 0.11057692307692307
3 0.6911057692307693 0.3870192307692308 0.06009615384615385 0.11538461538461539
3 0.6213942307692307 0.49759615384615385 0.057692307692307696 0.11057692307692307
3 0.5012019230769231 0.3004807692307692 0.0625 0.11057692307692307
3 0.48677884615384615 0.0625 0.052884615384615384 0.10336538461538461
2 0.5637019230769231 0.12740384615384615 0.057692307692307696 0.13701923076923078
2 0.42908653846153844 0.39903846153846156 0.07932692307692307 0.14423076923076922
4 0.34375 0.30528846153846156 0.08173076923076923 0.17548076923076922
5 0.17427884615384615 0.07692307692307693 0.0673076923076923 0.11538461538461539
5 0.2704326923076923 0.7632211538461539 0.07932692307692307 0.14182692307692307
1 0.15625 0.3858173076923077 0.09375 0.20192307692307693
0 0.15144230769230768 0.5108173076923077 0.08413461538461539 0.14423076923076922
2 0.3425480769230769 0.20432692307692307 0.06971153846153846 0.14182692307692307
2 0.16947115384615385 0.6298076923076923 0.0889423076923077 0.14903846153846154
3 0.41947115384615385 0.30288461538461536 0.057692307692307696 0.11057692307692307
3 0.2512019230769231 0.07091346153846154 0.052884615384615384 0.10576923076923077
3 0.2644230769230769 0.22956730769230768 0.057692307692307696 0.11298076923076923
3 0.2692307692307692 0.6322115384615384 0.0673076923076923 0.125
3 0.46033653846153844 0.7403846153846154 0.06971153846153846 0.12259615384615384