1 0.7716346153846154 0.28365384615384615 0.08653846153846154 0.20673076923076922
5 0.23557692307692307 0.04567307692307692 0.0625 0.09134615384615384
1 0.12620192307692307 0.2764423076923077 0.08413461538461539 0.22115384615384615
5 0.41346153846153844 0.3137019230769231 0.052884615384615384 0.13221153846153846
0 0.4170673076923077 0.4110576923076923 0.06490384615384616 0.14903846153846154
3 0.32572115384615385 0.546875 0.0625 0.11778846153846154
3 0.23918269230769232 0.12980769230769232 0.052884615384615384 0.11538461538461539
3 0.2247596153846154 0.31009615384615385 0.057692307692307696 0.1201923076923077
3 0.3173076923076923 0.4206730769230769 0.057692307692307696 0.11538461538461539
3 0.5745192307692307 0.3161057692307692 0.04807692307692308 0.11538461538461539
3 0.5240384615384616 0.6574519230769231 0.055288461538461536 0.125