1 0.8016826923076923 0.3293269230769231 0.10096153846153846 0.21153846153846154
5 0.28725961538461536 0.052884615384615384 0.06971153846153846 0.10576923076923077
1 0.16105769230769232 0.2776442307692308 0.0985576923076923 0.22596153846153846
5 0.44471153846153844 0.3329326923076923 0.0625 0.1346153846153846
0 0.4411057692307692 0.43028846153846156 0.07451923076923077 0.15384615384615385
3 0.34134615384615385 0.5600961538461539 0.0673076923076923 0.1201923076923077
3 0.28365384615384615 0.140625 0.06009615384615385 0.11778846153846154
3 0.25721153846153844 0.31850961538461536 0.06490384615384616 0.12259615384615384
3 0.34134615384615385 0.43509615384615385 0.06490384615384616 0.11778846153846154
3 0.6045673076923077 0.3473557692307692 0.055288461538461536 0.11778846153846154
3 0.5288461538461539 0.6826923076923077 0.06490384615384616 0.125