1 0.7740384615384616 0.2980769230769231 0.0889423076923077 0.20192307692307693
5 0.2536057692307692 0.06370192307692307 0.06009615384615385 0.11778846153846154
1 0.15144230769230768 0.3016826923076923 0.08653846153846154 0.21394230769230768
5 0.43028846153846156 0.3329326923076923 0.052884615384615384 0.12740384615384615
0 0.43509615384615385 0.4266826923076923 0.06490384615384616 0.14423076923076922
3 0.34975961538461536 0.5588942307692307 0.06009615384615385 0.11298076923076923
3 0.25841346153846156 0.15865384615384615 0.052884615384615384 0.11298076923076923
3 0.24879807692307693 0.33413461538461536 0.055288461538461536 0.11538461538461539
3 0.3389423076923077 0.4375 0.057692307692307696 0.11057692307692307
3 0.5853365384615384 0.3329326923076923 0.04807692307692308 0.11057692307692307
3 0.5408653846153846 0.6622596153846154 0.055288461538461536 0.1201923076923077