4 0.5889423076923077 0.29086538461538464 0.07932692307692307 0.17548076923076922
1 0.7824519230769231 0.3581730769230769 0.09375 0.20432692307692307
5 0.8473557692307693 0.7127403846153846 0.08173076923076923 0.15625
5 0.5685096153846154 0.056490384615384616 0.06009615384615385 0.11298076923076923
2 0.5769230769230769 0.12860576923076922 0.0673076923076923 0.13221153846153846
2 0.4375 0.39302884615384615 0.07211538461538461 0.14423076923076922
3 0.6550480769230769 0.13701923076923078 0.04807692307692308 0.10336538461538461
3 0.6682692307692307 0.21995192307692307 0.05048076923076923 0.10817307692307693
3 0.6959134615384616 0.39302884615384615 0.055288461538461536 0.1201923076923077
3 0.625 0.4963942307692308 0.06009615384615385 0.11298076923076923
3 0.5084134615384616 0.2980769230769231 0.055288461538461536 0.10817307692307693
3 0.5036057692307693 0.06129807692307692 0.052884615384615384 0.11057692307692307
4 0.35336538461538464 0.296875 0.07932692307692307 0.17307692307692307
0 0.25240384615384615 0.3858173076923077 0.07211538461538461 0.15384615384615385
5 0.35216346153846156 0.19110576923076922 0.06490384615384616 0.13942307692307693
5 0.1658653846153846 0.6117788461538461 0.08173076923076923 0.15865384615384615
1 0.16105769230769232 0.37740384615384615 0.08653846153846154 0.2091346153846154
5 0.18629807692307693 0.06370192307692307 0.06971153846153846 0.10817307692307693
5 0.25721153846153844 0.7487980769230769 0.08173076923076923 0.1466346153846154
3 0.2644230769230769 0.06129807692307692 0.052884615384615384 0.10336538461538461
3 0.265625 0.6225961538461539 0.0625 0.11778846153846154
3 0.2776442307692308 0.22235576923076922 0.06009615384615385 0.11538461538461539
3 0.42788461538461536 0.3016826923076923 0.055288461538461536 0.11057692307692307
3 0.4543269230769231 0.7379807692307693 0.0625 0.125