4 0.5721153846153846 0.2668269230769231 0.08173076923076923 0.18269230769230768
1 0.7740384615384616 0.33533653846153844 0.0985576923076923 0.21153846153846154
5 0.8401442307692307 0.703125 0.08413461538461539 0.16346153846153846
5 0.5540865384615384 0.040865384615384616 0.06009615384615385 0.08173076923076923
2 0.5600961538461539 0.09735576923076923 0.06971153846153846 0.13701923076923078
2 0.41466346153846156 0.3701923076923077 0.07451923076923077 0.14903846153846154
3 0.640625 0.10697115384615384 0.052884615384615384 0.10817307692307693
3 0.6538461538461539 0.19230769230769232 0.052884615384615384 0.11298076923076923
3 0.6838942307692307 0.37259615384615385 0.055288461538461536 0.125
3 0.609375 0.4795673076923077 0.0625 0.11778846153846154
3 0.4891826923076923 0.27283653846153844 0.057692307692307696 0.11057692307692307
3 0.4855769230769231 0.04326923076923077 0.057692307692307696 0.08653846153846154
4 0.328125 0.27283653846153844 0.08413461538461539 0.18028846153846154
0 0.22355769230769232 0.36538461538461536 0.07451923076923077 0.15865384615384615
5 0.3269230769230769 0.16346153846153846 0.0673076923076923 0.14423076923076922
5 0.1346153846153846 0.5997596153846154 0.08413461538461539 0.16346153846153846
1 0.12980769230769232 0.3557692307692308 0.09134615384615384 0.21634615384615385
5 0.15625 0.04927884615384615 0.07211538461538461 0.07451923076923077
5 0.22956730769230768 0.7415865384615384 0.08413461538461539 0.15144230769230768
3 0.23798076923076922 0.04447115384615385 0.055288461538461536 0.07451923076923077
3 0.23677884615384615 0.609375 0.0625 0.12259615384615384
3 0.24879807692307693 0.19591346153846154 0.0625 0.1201923076923077
3 0.4050480769230769 0.2776442307692308 0.057692307692307696 0.11298076923076923
3 0.4326923076923077 0.7295673076923077 0.06490384615384616 0.12980769230769232