4 0.5925480769230769 0.3112980769230769 0.08413461538461539 0.18269230769230768
1 0.7896634615384616 0.3942307692307692 0.0985576923076923 0.21394230769230768
5 0.8305288461538461 0.7680288461538461 0.08413461538461539 0.16346153846153846
5 0.5889423076923077 0.0625 0.06009615384615385 0.11778846153846154
2 0.5913461538461539 0.13942307692307693 0.06971153846153846 0.13942307692307693
2 0.42788461538461536 0.4050480769230769 0.07451923076923077 0.14903846153846154
3 0.6706730769230769 0.15504807692307693 0.052884615384615384 0.10817307692307693
3 0.6802884615384616 0.24278846153846154 0.052884615384615384 0.11298076923076923
3 0.6959134615384616 0.42427884615384615 0.057692307692307696 0.125
3 0.6141826923076923 0.5264423076923077 0.0625 0.11778846153846154
3 0.5072115384615384 0.3112980769230769 0.057692307692307696 0.11298076923076923
3 0.5216346153846154 0.06490384615384616 0.055288461538461536 0.11538461538461539
4 0.3473557692307692 0.29927884615384615 0.08413461538461539 0.18028846153846154
0 0.234375 0.38461538461538464 0.07451923076923077 0.16105769230769232
5 0.35336538461538464 0.19110576923076922 0.0673076923076923 0.1466346153846154
5 0.12980769230769232 0.6129807692307693 0.08413461538461539 0.16346153846153846
1 0.14182692307692307 0.36899038461538464 0.09134615384615384 0.21875
5 0.19110576923076922 0.051682692307692304 0.07451923076923077 0.10336538461538461
5 0.21394230769230768 0.7632211538461539 0.08653846153846154 0.15144230769230768
3 0.27163461538461536 0.051682692307692304 0.057692307692307696 0.10336538461538461
3 0.23197115384615385 0.6310096153846154 0.06490384615384616 0.125
3 0.27283653846153844 0.21634615384615385 0.0625 0.1201923076923077
3 0.4230769230769231 0.31009615384615385 0.057692307692307696 0.11538461538461539
3 0.41947115384615385 0.765625 0.06490384615384616 0.12980769230769232