4 0.5949519230769231 0.24759615384615385 0.08173076923076923 0.19230769230769232
1 0.8100961538461539 0.46033653846153844 0.0985576923076923 0.22355769230769232
5 0.8353365384615384 0.7283653846153846 0.09134615384615384 0.16105769230769232
3 0.6971153846153846 0.3737980769230769 0.057692307692307696 0.12259615384615384
3 0.6802884615384616 0.1814903846153846 0.0625 0.10817307692307693
3 0.6694711538461539 0.09375 0.055288461538461536 0.10817307692307693
3 0.5216346153846154 0.030048076923076924 0.052884615384615384 0.06009615384615385
3 0.5060096153846154 0.25600961538461536 0.057692307692307696 0.125
3 0.6153846153846154 0.47596153846153844 0.0673076923076923 0.12980769230769232
2 0.421875 0.35216346153846156 0.07451923076923077 0.14903846153846154
5 0.18389423076923078 0.021634615384615384 0.06971153846153846 0.04326923076923077
5 0.21033653846153846 0.7199519230769231 0.07692307692307693 0.14903846153846154
1 0.23798076923076922 0.31850961538461536 0.0889423076923077 0.21634615384615385
2 0.5048076923076923 0.07932692307692307 0.0625 0.15625
2 0.12139423076923077 0.5649038461538461 0.08653846153846154 0.15625
0 0.41586538461538464 0.5757211538461539 0.07211538461538461 0.15144230769230768
4 0.34375 0.23798076923076922 0.07451923076923077 0.19230769230769232
3 0.41947115384615385 0.2536057692307692 0.057692307692307696 0.11298076923076923
3 0.26802884615384615 0.02403846153846154 0.06490384615384616 0.04807692307692308
3 0.2644230769230769 0.15625 0.057692307692307696 0.11538461538461539
3 0.22115384615384615 0.5829326923076923 0.0673076923076923 0.125
3 0.4170673076923077 0.7211538461538461 0.07211538461538461 0.125