4 0.6262019230769231 0.2608173076923077 0.07451923076923077 0.1875
1 0.8485576923076923 0.4651442307692308 0.0889423076923077 0.22115384615384615
5 0.8810096153846154 0.7307692307692307 0.08653846153846154 0.15865384615384615
3 0.7307692307692307 0.38221153846153844 0.052884615384615384 0.1201923076923077
3 0.7091346153846154 0.1935096153846154 0.057692307692307696 0.10576923076923077
3 0.6947115384615384 0.1045673076923077 0.05048076923076923 0.10576923076923077
3 0.5444711538461539 0.038461538461538464 0.05048076923076923 0.07692307692307693
3 0.5384615384615384 0.27283653846153844 0.052884615384615384 0.1201923076923077
3 0.6538461538461539 0.4879807692307692 0.0625 0.125
2 0.4579326923076923 0.3701923076923077 0.0673076923076923 0.1466346153846154
5 0.2091346153846154 0.03485576923076923 0.06490384615384616 0.06971153846153846
5 0.2608173076923077 0.7439903846153846 0.07211538461538461 0.1466346153846154
1 0.27403846153846156 0.3449519230769231 0.08173076923076923 0.21153846153846154
2 0.53125 0.09735576923076923 0.057692307692307696 0.15384615384615385
2 0.1658653846153846 0.59375 0.08173076923076923 0.15384615384615385
0 0.45913461538461536 0.59375 0.06490384615384616 0.14903846153846154
4 0.3762019230769231 0.2608173076923077 0.0673076923076923 0.18990384615384615
3 0.453125 0.27283653846153844 0.052884615384615384 0.11057692307692307
3 0.2920673076923077 0.03485576923076923 0.057692307692307696 0.0673076923076923
3 0.29447115384615385 0.1814903846153846 0.052884615384615384 0.11298076923076923
3 0.2668269230769231 0.6081730769230769 0.0625 0.12259615384615384
3 0.4651442307692308 0.7379807692307693 0.0673076923076923 0.125