4 0.5949519230769231 0.28966346153846156 0.07211538461538461 0.1778846153846154
1 0.8052884615384616 0.47716346153846156 0.08653846153846154 0.20673076923076922
5 0.8401442307692307 0.7259615384615384 0.08413461538461539 0.14903846153846154
3 0.6947115384615384 0.4014423076923077 0.052884615384615384 0.11298076923076923
3 0.6706730769230769 0.22355769230769232 0.055288461538461536 0.10096153846153846
3 0.65625 0.14302884615384615 0.04807692307692308 0.10096153846153846
3 0.5132211538461539 0.0673076923076923 0.04807692307692308 0.0985576923076923
3 0.5120192307692307 0.3016826923076923 0.052884615384615384 0.11538461538461539
3 0.6237980769230769 0.5012019230769231 0.06009615384615385 0.11778846153846154
2 0.4375 0.3954326923076923 0.06490384615384616 0.13701923076923078
5 0.19951923076923078 0.06129807692307692 0.06490384615384616 0.11298076923076923
5 0.2608173076923077 0.7487980769230769 0.0673076923076923 0.13701923076923078
1 0.2644230769230769 0.37259615384615385 0.07932692307692307 0.19951923076923078
2 0.5024038461538461 0.13822115384615385 0.057692307692307696 0.14423076923076922
2 0.16826923076923078 0.609375 0.07932692307692307 0.1466346153846154
0 0.44350961538461536 0.6045673076923077 0.0625 0.13942307692307693
4 0.359375 0.2932692307692308 0.06490384615384616 0.1778846153846154
3 0.43149038461538464 0.30408653846153844 0.052884615384615384 0.10576923076923077
3 0.2776442307692308 0.06129807692307692 0.055288461538461536 0.10817307692307693
3 0.28125 0.22115384615384615 0.052884615384615384 0.10576923076923077
3 0.26322115384615385 0.6201923076923077 0.06009615384615385 0.11538461538461539
3 0.45072115384615385 0.7391826923076923 0.06490384615384616 0.11538461538461539