4 0.8197115384615384 0.33052884615384615 0.08653846153846154 0.16346153846153846
1 0.8209134615384616 0.40384615384615385 0.0985576923076923 0.1971153846153846
0 0.8100961538461539 0.24519230769230768 0.0673076923076923 0.13221153846153846
0 0.8197115384615384 0.5360576923076923 0.07451923076923077 0.13942307692307693
2 0.8016826923076923 0.16346153846153846 0.06971153846153846 0.12259615384615384
2 0.8317307692307693 0.6538461538461539 0.0889423076923077 0.13221153846153846
5 0.8040865384615384 0.09134615384615384 0.06009615384615385 0.10817307692307693
5 0.8341346153846154 0.7848557692307693 0.08653846153846154 0.13701923076923078
3 0.71875 0.07932692307692307 0.052884615384615384 0.10096153846153846
3 0.7175480769230769 0.15985576923076922 0.05048076923076923 0.10336538461538461
3 0.7199519230769231 0.24639423076923078 0.052884615384615384 0.10336538461538461
3 0.7211538461538461 0.3317307692307692 0.055288461538461536 0.10576923076923077
3 0.7223557692307693 0.43028846153846156 0.06009615384615385 0.10096153846153846
3 0.7247596153846154 0.5372596153846154 0.06009615384615385 0.11298076923076923
3 0.7271634615384616 0.6490384615384616 0.0625 0.11057692307692307
3 0.7283653846153846 0.7740384615384616 0.06490384615384616 0.11057692307692307
4 0.21634615384615385 0.24639423076923078 0.08173076923076923 0.18028846153846154
1 0.19110576923076922 0.3329326923076923 0.0889423076923077 0.19951923076923078
0 0.16466346153846154 0.46153846153846156 0.07211538461538461 0.14423076923076922
0 0.22716346153846154 0.17307692307692307 0.0673076923076923 0.13701923076923078
2 0.24278846153846154 0.09495192307692307 0.0673076923076923 0.12740384615384615
2 0.14543269230769232 0.5961538461538461 0.08413461538461539 0.13942307692307693
3 0.23317307692307693 0.7271634615384616 0.06971153846153846 0.11298076923076923
3 0.2536057692307692 0.6009615384615384 0.07451923076923077 0.11298076923076923
3 0.26802884615384615 0.49759615384615385 0.06490384615384616 0.10576923076923077
3 0.29086538461538464 0.39302884615384615 0.0625 0.11057692307692307
3 0.3016826923076923 0.29086538461538464 0.06490384615384616 0.10576923076923077
3 0.32091346153846156 0.20432692307692307 0.055288461538461536 0.10096153846153846
3 0.33052884615384615 0.11538461538461539 0.055288461538461536 0.09615384615384616
3 0.3389423076923077 0.04567307692307692 0.057692307692307696 0.09134615384615384
5 0.2608173076923077 0.039663461538461536 0.06490384615384616 0.07932692307692307
5 0.11778846153846154 0.71875 0.08413461538461539 0.15144230769230768