4 0.8173076923076923 0.2980769230769231 0.07692307692307693 0.16105769230769232
1 0.8233173076923077 0.37259615384615385 0.08653846153846154 0.19471153846153846
0 0.8016826923076923 0.2127403846153846 0.06009615384615385 0.12980769230769232
0 0.8317307692307693 0.5060096153846154 0.0673076923076923 0.13701923076923078
2 0.7860576923076923 0.12980769230769232 0.0625 0.1201923076923077
2 0.8521634615384616 0.6225961538461539 0.08173076923076923 0.12980769230769232
5 0.7836538461538461 0.06009615384615385 0.055288461538461536 0.10336538461538461
5 0.8641826923076923 0.7560096153846154 0.07932692307692307 0.1346153846153846
3 0.6971153846153846 0.052884615384615384 0.04807692307692308 0.09615384615384616
3 0.7007211538461539 0.1346153846153846 0.04567307692307692 0.10096153846153846
3 0.7103365384615384 0.22115384615384615 0.04567307692307692 0.10096153846153846
3 0.71875 0.30649038461538464 0.04807692307692308 0.10336538461538461
3 0.7259615384615384 0.40625 0.055288461538461536 0.0985576923076923
3 0.7367788461538461 0.5132211538461539 0.052884615384615384 0.11057692307692307
3 0.7463942307692307 0.6262019230769231 0.055288461538461536 0.10817307692307693
3 0.7560096153846154 0.7524038461538461 0.06009615384615385 0.10817307692307693
4 0.20192307692307693 0.25600961538461536 0.07211538461538461 0.1778846153846154
1 0.18269230769230768 0.34615384615384615 0.07692307692307693 0.1971153846153846
0 0.1658653846153846 0.47475961538461536 0.06490384615384616 0.14182692307692307
0 0.20793269230769232 0.18028846153846154 0.057692307692307696 0.13701923076923078
2 0.21875 0.10216346153846154 0.06009615384615385 0.125
2 0.15625 0.6129807692307693 0.07451923076923077 0.13701923076923078
3 0.2536057692307692 0.7379807692307693 0.0625 0.11057692307692307
3 0.265625 0.6105769230769231 0.06971153846153846 0.10817307692307693
3 0.27283653846153844 0.5048076923076923 0.057692307692307696 0.10336538461538461
3 0.28846153846153844 0.39903846153846156 0.055288461538461536 0.10576923076923077
3 0.2932692307692308 0.29447115384615385 0.057692307692307696 0.10336538461538461
3 0.30408653846153844 0.20552884615384615 0.04807692307692308 0.0985576923076923
3 0.3076923076923077 0.11658653846153846 0.05048076923076923 0.09375
3 0.3125 0.04447115384615385 0.052884615384615384 0.0889423076923077
5 0.23197115384615385 0.040865384615384616 0.055288461538461536 0.08173076923076923
5 0.13701923076923078 0.7391826923076923 0.07692307692307693 0.1466346153846154