4 0.8028846153846154 0.328125 0.08413461538461539 0.15865384615384615
1 0.8028846153846154 0.40024038461538464 0.09375 0.19230769230769232
0 0.7920673076923077 0.24278846153846154 0.0673076923076923 0.12980769230769232
0 0.8028846153846154 0.5276442307692307 0.07451923076923077 0.13701923076923078
2 0.7836538461538461 0.16466346153846154 0.0673076923076923 0.1201923076923077
2 0.8137019230769231 0.6418269230769231 0.08653846153846154 0.12980769230769232
5 0.7872596153846154 0.09375 0.06009615384615385 0.10576923076923077
5 0.8161057692307693 0.7716346153846154 0.08413461538461539 0.13221153846153846
3 0.703125 0.0829326923076923 0.05048076923076923 0.0985576923076923
3 0.7007211538461539 0.1622596153846154 0.05048076923076923 0.10096153846153846
3 0.7043269230769231 0.24639423076923078 0.052884615384615384 0.10096153846153846
3 0.7067307692307693 0.3293269230769231 0.052884615384615384 0.10336538461538461
3 0.7067307692307693 0.4254807692307692 0.057692307692307696 0.0985576923076923
3 0.7091346153846154 0.5288461538461539 0.057692307692307696 0.11057692307692307
3 0.7127403846153846 0.6382211538461539 0.06009615384615385 0.10576923076923077
3 0.7127403846153846 0.7608173076923077 0.06490384615384616 0.10817307692307693
4 0.21394230769230768 0.24639423076923078 0.08173076923076923 0.17548076923076922
1 0.18870192307692307 0.33052884615384615 0.08653846153846154 0.19471153846153846
0 0.1622596153846154 0.4543269230769231 0.06971153846153846 0.14182692307692307
0 0.2247596153846154 0.17548076923076922 0.06490384615384616 0.1346153846153846
2 0.2403846153846154 0.0985576923076923 0.06490384615384616 0.12259615384615384
2 0.14423076923076922 0.5853365384615384 0.08173076923076923 0.13701923076923078
3 0.22956730769230768 0.7127403846153846 0.0673076923076923 0.11057692307692307
3 0.25 0.5913461538461539 0.07211538461538461 0.10817307692307693
3 0.2644230769230769 0.4891826923076923 0.0625 0.10336538461538461
3 0.28725961538461536 0.3894230769230769 0.06009615384615385 0.10576923076923077
3 0.29927884615384615 0.28846153846153844 0.0625 0.10336538461538461
3 0.3161057692307692 0.20552884615384615 0.052884615384615384 0.0985576923076923
3 0.3245192307692308 0.11899038461538461 0.055288461538461536 0.09375
3 0.33413461538461536 0.046875 0.057692307692307696 0.09375
5 0.25841346153846156 0.040865384615384616 0.06009615384615385 0.08173076923076923
5 0.11899038461538461 0.7067307692307693 0.08173076923076923 0.1466346153846154