1 0.7403846153846154 0.5985576923076923 0.08413461538461539 0.1971153846153846
5 0.8557692307692307 0.7391826923076923 0.0673076923076923 0.13942307692307693
5 0.6550480769230769 0.7211538461538461 0.0673076923076923 0.13942307692307693
2 0.5300480769230769 0.12980769230769232 0.05048076923076923 0.13942307692307693
4 0.6177884615384616 0.29086538461538464 0.06971153846153846 0.1778846153846154
3 0.6971153846153846 0.22716346153846154 0.04567307692307692 0.10096153846153846
3 0.7175480769230769 0.4050480769230769 0.055288461538461536 0.10576923076923077
3 0.640625 0.5036057692307693 0.052884615384615384 0.10817307692307693
3 0.5372596153846154 0.2980769230769231 0.04807692307692308 0.10817307692307693
2 0.45913461538461536 0.390625 0.0625 0.1346153846153846
3 0.45552884615384615 0.29447115384615385 0.04807692307692308 0.10096153846153846
4 0.38100961538461536 0.2848557692307692 0.06971153846153846 0.17307692307692307
1 0.2848557692307692 0.3557692307692308 0.07211538461538461 0.19471153846153846
5 0.23317307692307693 0.05048076923076923 0.0625 0.10096153846153846
3 0.30649038461538464 0.046875 0.04567307692307692 0.09375
3 0.3076923076923077 0.20432692307692307 0.05048076923076923 0.10576923076923077
3 0.27524038461538464 0.6033653846153846 0.057692307692307696 0.11298076923076923