1 0.7548076923076923 0.6298076923076923 0.0889423076923077 0.20673076923076922
5 0.8762019230769231 0.7788461538461539 0.07211538461538461 0.14903846153846154
5 0.6658653846153846 0.7608173076923077 0.06971153846153846 0.1466346153846154
2 0.5336538461538461 0.13581730769230768 0.052884615384615384 0.1466346153846154
4 0.6262019230769231 0.30528846153846156 0.07211538461538461 0.1875
3 0.7091346153846154 0.23798076923076922 0.04807692307692308 0.10817307692307693
3 0.7319711538461539 0.4266826923076923 0.057692307692307696 0.11057692307692307
3 0.6502403846153846 0.5300480769230769 0.052884615384615384 0.11538461538461539
3 0.5408653846153846 0.3137019230769231 0.052884615384615384 0.11538461538461539
2 0.45913461538461536 0.4110576923076923 0.0673076923076923 0.14423076923076922
3 0.45552884615384615 0.31009615384615385 0.052884615384615384 0.10576923076923077
4 0.3762019230769231 0.29927884615384615 0.07211538461538461 0.18269230769230768
1 0.27524038461538464 0.375 0.07692307692307693 0.20673076923076922
5 0.21995192307692307 0.052884615384615384 0.0625 0.10576923076923077
3 0.2980769230769231 0.04927884615384615 0.04807692307692308 0.0985576923076923
3 0.29927884615384615 0.21394230769230768 0.052884615384615384 0.11057692307692307
3 0.2644230769230769 0.6346153846153846 0.0625 0.1201923076923077