1 0.7235576923076923 0.6237980769230769 0.10817307692307693 0.21153846153846154
5 0.8269230769230769 0.78125 0.08653846153846154 0.15144230769230768
5 0.6237980769230769 0.7415865384615384 0.08413461538461539 0.15144230769230768
2 0.5588942307692307 0.1201923076923077 0.0673076923076923 0.1466346153846154
4 0.6310096153846154 0.2956730769230769 0.09134615384615384 0.18990384615384615
3 0.7199519230769231 0.23798076923076922 0.057692307692307696 0.11057692307692307
3 0.7223557692307693 0.4230769230769231 0.0673076923076923 0.11298076923076923
3 0.6322115384615384 0.5168269230769231 0.06490384615384616 0.11778846153846154
3 0.5480769230769231 0.2932692307692308 0.0625 0.11538461538461539
2 0.4579326923076923 0.3798076923076923 0.07932692307692307 0.1466346153846154
3 0.4651442307692308 0.2824519230769231 0.06009615384615385 0.10817307692307693
4 0.3894230769230769 0.26322115384615385 0.09134615384615384 0.18509615384615385
1 0.28365384615384615 0.32572115384615385 0.09615384615384616 0.20673076923076922
5 0.26322115384615385 0.03125 0.07451923076923077 0.0625
3 0.3389423076923077 0.03245192307692308 0.057692307692307696 0.06490384615384616
3 0.3233173076923077 0.17307692307692307 0.06490384615384616 0.11298076923076923
3 0.24639423076923078 0.578125 0.07211538461538461 0.12259615384615384