5 0.6622596153846154 0.7668269230769231 0.0889423076923077 0.15144230769230768
5 0.8725961538461539 0.7572115384615384 0.09134615384615384 0.15384615384615385
1 0.7295673076923077 0.6225961538461539 0.11298076923076923 0.22115384615384615
4 0.5673076923076923 0.3088942307692308 0.07932692307692307 0.1875
3 0.6490384615384616 0.22956730769230768 0.0625 0.12259615384615384
3 0.6201923076923077 0.5396634615384616 0.06971153846153846 0.12740384615384615
3 0.4831730769230769 0.3317307692307692 0.06009615384615385 0.11538461538461539
2 0.2512019230769231 0.5637019230769231 0.08653846153846154 0.15384615384615385
1 0.23197115384615385 0.43028846153846156 0.09134615384615384 0.21394230769230768
3 0.2512019230769231 0.6983173076923077 0.06971153846153846 0.1201923076923077
5 0.12980769230769232 0.27163461538461536 0.07692307692307693 0.12740384615384615
3 0.2127403846153846 0.09495192307692307 0.06009615384615385 0.11057692307692307
3 0.3076923076923077 0.1814903846153846 0.0625 0.11538461538461539
3 0.4014423076923077 0.3449519230769231 0.0625 0.11778846153846154