5 0.6887019230769231 0.7391826923076923 0.09134615384615384 0.15625
5 0.9074519230769231 0.7307692307692307 0.09375 0.15865384615384615
1 0.7584134615384616 0.5913461538461539 0.11538461538461539 0.2283653846153846
4 0.5925480769230769 0.26802884615384615 0.08173076923076923 0.19471153846153846
3 0.6766826923076923 0.18509615384615385 0.0625 0.12740384615384615
3 0.6466346153846154 0.5048076923076923 0.07211538461538461 0.13221153846153846
3 0.5048076923076923 0.28966346153846156 0.0625 0.1201923076923077
2 0.2644230769230769 0.5300480769230769 0.0889423076923077 0.16105769230769232
1 0.2439903846153846 0.3918269230769231 0.09615384615384616 0.22115384615384615
3 0.2644230769230769 0.6694711538461539 0.07211538461538461 0.125
5 0.13942307692307693 0.2283653846153846 0.07932692307692307 0.13221153846153846
3 0.22596153846153846 0.06129807692307692 0.06009615384615385 0.08413461538461539
3 0.3233173076923077 0.13581730769230768 0.06490384615384616 0.1201923076923077
3 0.4206730769230769 0.30288461538461536 0.06490384615384616 0.12259615384615384