5 0.6706730769230769 0.7536057692307693 0.08653846153846154 0.1466346153846154
5 0.8762019230769231 0.7415865384615384 0.09134615384615384 0.15144230769230768
1 0.7331730769230769 0.6129807692307693 0.11298076923076923 0.21634615384615385
4 0.5721153846153846 0.3112980769230769 0.08173076923076923 0.18269230769230768
3 0.6490384615384616 0.23197115384615385 0.0625 0.1201923076923077
3 0.6262019230769231 0.5336538461538461 0.06971153846153846 0.12740384615384615
3 0.4891826923076923 0.3329326923076923 0.06009615384615385 0.11298076923076923
2 0.2668269230769231 0.5637019230769231 0.0889423076923077 0.15144230769230768
1 0.24639423076923078 0.4338942307692308 0.09375 0.2091346153846154
3 0.2692307692307692 0.6947115384615384 0.06971153846153846 0.11778846153846154
5 0.14423076923076922 0.28125 0.07692307692307693 0.125
3 0.22235576923076922 0.10697115384615384 0.06009615384615385 0.10817307692307693
3 0.3161057692307692 0.19110576923076922 0.0625 0.11298076923076923
3 0.4098557692307692 0.34615384615384615 0.0625 0.11538461538461539