2 0.44350961538461536 0.3894230769230769 0.0673076923076923 0.13942307692307693
3 0.5324519230769231 0.057692307692307696 0.05048076923076923 0.10817307692307693
5 0.8341346153846154 0.75 0.09134615384615384 0.1466346153846154
1 0.8064903846153846 0.4963942307692308 0.09615384615384616 0.20673076923076922
4 0.6045673076923077 0.29086538461538464 0.07211538461538461 0.1875
3 0.7007211538461539 0.4098557692307692 0.055288461538461536 0.11057692307692307
3 0.6862980769230769 0.23076923076923078 0.05048076923076923 0.10817307692307693
3 0.5204326923076923 0.3004807692307692 0.055288461538461536 0.10576923076923077
3 0.6225961538461539 0.5084134615384616 0.057692307692307696 0.11298076923076923
5 0.6334134615384616 0.7247596153846154 0.07932692307692307 0.14903846153846154
5 0.21875 0.051682692307692304 0.0673076923076923 0.10336538461538461
4 0.3641826923076923 0.2848557692307692 0.0673076923076923 0.18028846153846154
1 0.26802884615384615 0.3605769230769231 0.07932692307692307 0.20192307692307693
0 0.4338942307692308 0.5985576923076923 0.0673076923076923 0.14903846153846154
2 0.5180288461538461 0.12740384615384615 0.057692307692307696 0.13701923076923078
2 0.35216346153846156 0.4891826923076923 0.06971153846153846 0.1466346153846154
3 0.4387019230769231 0.2932692307692308 0.052884615384615384 0.10817307692307693
3 0.2956730769230769 0.04927884615384615 0.057692307692307696 0.0985576923076923
3 0.2920673076923077 0.203125 0.052884615384615384 0.11298076923076923
3 0.2512019230769231 0.6045673076923077 0.0625 0.1201923076923077