2 0.4266826923076923 0.4074519230769231 0.07692307692307693 0.14423076923076922
3 0.46634615384615385 0.06610576923076923 0.057692307692307696 0.11057692307692307
5 0.8629807692307693 0.7091346153846154 0.10096153846153846 0.15144230769230768
1 0.8004807692307693 0.46274038461538464 0.11057692307692307 0.21153846153846154
4 0.5721153846153846 0.28725961538461536 0.08413461538461539 0.18990384615384615
3 0.6826923076923077 0.3918269230769231 0.0625 0.11298076923076923
3 0.6430288461538461 0.21634615384615385 0.055288461538461536 0.11057692307692307
3 0.4891826923076923 0.3088942307692308 0.06009615384615385 0.10817307692307693
3 0.6189903846153846 0.5012019230769231 0.06490384615384616 0.11538461538461539
5 0.6586538461538461 0.7127403846153846 0.0889423076923077 0.15144230769230768
5 0.15384615384615385 0.09375 0.07211538461538461 0.125
4 0.3329326923076923 0.31490384615384615 0.07932692307692307 0.18269230769230768
1 0.24759615384615385 0.4026442307692308 0.09375 0.20432692307692307
0 0.44471153846153844 0.6153846153846154 0.07692307692307693 0.15144230769230768
2 0.46274038461538464 0.13942307692307693 0.0673076923076923 0.13942307692307693
2 0.34975961538461536 0.5180288461538461 0.07932692307692307 0.14903846153846154
3 0.4074519230769231 0.3125 0.06009615384615385 0.11057692307692307
3 0.22956730769230768 0.08413461538461539 0.06009615384615385 0.10817307692307693
3 0.25 0.2439903846153846 0.06009615384615385 0.11538461538461539
3 0.265625 0.6466346153846154 0.07211538461538461 0.125