2 0.4495192307692308 0.39302884615384615 0.06971153846153846 0.13942307692307693
3 0.5420673076923077 0.06490384615384616 0.052884615384615384 0.10817307692307693
5 0.8293269230769231 0.7560096153846154 0.09134615384615384 0.1466346153846154
1 0.8064903846153846 0.5024038461538461 0.0985576923076923 0.20673076923076922
4 0.6105769230769231 0.296875 0.07211538461538461 0.18509615384615385
3 0.703125 0.4170673076923077 0.055288461538461536 0.11057692307692307
3 0.6923076923076923 0.23918269230769232 0.05048076923076923 0.10576923076923077
3 0.5276442307692307 0.30528846153846156 0.055288461538461536 0.10576923076923077
3 0.6237980769230769 0.5120192307692307 0.057692307692307696 0.11298076923076923
5 0.6298076923076923 0.7271634615384616 0.08173076923076923 0.1466346153846154
5 0.23317307692307693 0.052884615384615384 0.07211538461538461 0.10576923076923077
4 0.37259615384615385 0.2860576923076923 0.0673076923076923 0.1778846153846154
1 0.2764423076923077 0.3605769230769231 0.08413461538461539 0.19951923076923078
0 0.4362980769230769 0.5985576923076923 0.06971153846153846 0.1466346153846154
2 0.5276442307692307 0.1346153846153846 0.06009615384615385 0.13701923076923078
2 0.35697115384615385 0.4891826923076923 0.07211538461538461 0.1466346153846154
3 0.44711538461538464 0.2956730769230769 0.055288461538461536 0.10817307692307693
3 0.3076923076923077 0.04927884615384615 0.057692307692307696 0.0985576923076923
3 0.30288461538461536 0.20432692307692307 0.052884615384615384 0.11057692307692307
3 0.2548076923076923 0.5997596153846154 0.06490384615384616 0.1201923076923077