1 0.765625 0.28725961538461536 0.10817307692307693 0.23076923076923078
0 0.5733173076923077 0.15504807692307693 0.07451923076923077 0.15625
5 0.5348557692307693 0.07211538461538461 0.06971153846153846 0.14182692307692307
5 0.47115384615384615 0.16947115384615385 0.07451923076923077 0.14182692307692307
3 0.6814903846153846 0.34134615384615385 0.0625 0.125
3 0.7824519230769231 0.8088942307692307 0.07932692307692307 0.1346153846153846
3 0.6165865384615384 0.5564903846153846 0.06971153846153846 0.13701923076923078
3 0.5600961538461539 0.6971153846153846 0.07692307692307693 0.14182692307692307
3 0.3798076923076923 0.19110576923076922 0.06009615384615385 0.11538461538461539
2 0.41225961538461536 0.2668269230769231 0.08413461538461539 0.15384615384615385
2 0.24158653846153846 0.7007211538461539 0.10096153846153846 0.16826923076923078
1 0.1310096153846154 0.46033653846153844 0.10576923076923077 0.22596153846153846
0 0.12980769230769232 0.18629807692307693 0.0889423076923077 0.16105769230769232
0 0.3389423076923077 0.46153846153846156 0.08653846153846154 0.1658653846153846
5 0.13822115384615385 0.12620192307692307 0.08173076923076923 0.14903846153846154
4 0.29927884615384615 0.16706730769230768 0.09134615384615384 0.19951923076923078
2 0.24278846153846154 0.8617788461538461 0.0985576923076923 0.18269230769230768
3 0.22716346153846154 0.18870192307692307 0.0673076923076923 0.12740384615384615
3 0.2247596153846154 0.37740384615384615 0.07211538461538461 0.11778846153846154
3 0.23557692307692307 0.48197115384615385 0.08173076923076923 0.12980769230769232
3 0.35096153846153844 0.6141826923076923 0.07932692307692307 0.14182692307692307