1 0.7920673076923077 0.3293269230769231 0.10576923076923077 0.22355769230769232
0 0.6346153846153846 0.16826923076923078 0.07451923076923077 0.15144230769230768
5 0.6141826923076923 0.08533653846153846 0.06971153846153846 0.13701923076923078
5 0.5360576923076923 0.16466346153846154 0.07451923076923077 0.13701923076923078
3 0.703125 0.3641826923076923 0.06009615384615385 0.11778846153846154
3 0.7127403846153846 0.8221153846153846 0.07692307692307693 0.12980769230769232
3 0.6033653846153846 0.5540865384615384 0.06971153846153846 0.13221153846153846
3 0.5228365384615384 0.6766826923076923 0.07692307692307693 0.13701923076923078
3 0.4483173076923077 0.16706730769230768 0.06009615384615385 0.11057692307692307
2 0.4639423076923077 0.24519230769230768 0.08173076923076923 0.1466346153846154
2 0.22355769230769232 0.6225961538461539 0.0985576923076923 0.16105769230769232
1 0.16346153846153846 0.375 0.10336538461538461 0.21875
0 0.2127403846153846 0.11658653846153846 0.0889423076923077 0.15384615384615385
0 0.3581730769230769 0.41346153846153844 0.08653846153846154 0.16105769230769232
5 0.23197115384615385 0.06850961538461539 0.08413461538461539 0.13701923076923078
4 0.3762019230769231 0.1310096153846154 0.09134615384615384 0.19230769230769232
2 0.19591346153846154 0.7728365384615384 0.0985576923076923 0.1778846153846154
3 0.30408653846153844 0.13701923076923078 0.0673076923076923 0.12259615384615384
3 0.26802884615384615 0.3137019230769231 0.07211538461538461 0.11298076923076923
3 0.25841346153846156 0.41586538461538464 0.08173076923076923 0.125
3 0.3425480769230769 0.5612980769230769 0.07692307692307693 0.1346153846153846