1 0.7608173076923077 0.28846153846153844 0.0889423076923077 0.21153846153846154
0 0.5877403846153846 0.15504807692307693 0.0625 0.14423076923076922
5 0.5564903846153846 0.07692307692307693 0.057692307692307696 0.12980769230769232
5 0.49158653846153844 0.16466346153846154 0.0625 0.12980769230769232
3 0.6790865384615384 0.33533653846153844 0.052884615384615384 0.11298076923076923
3 0.7512019230769231 0.7764423076923077 0.0673076923076923 0.12259615384615384
3 0.609375 0.5324519230769231 0.06009615384615385 0.125
3 0.5480769230769231 0.6610576923076923 0.0673076923076923 0.12980769230769232
3 0.4074519230769231 0.18028846153846154 0.052884615384615384 0.10576923076923077
2 0.4326923076923077 0.25240384615384615 0.06971153846153846 0.13942307692307693
2 0.2512019230769231 0.6490384615384616 0.08653846153846154 0.15384615384615385
1 0.16105769230769232 0.41947115384615385 0.08653846153846154 0.2091346153846154
0 0.17307692307692307 0.16346153846153846 0.07692307692307693 0.1466346153846154
0 0.35336538461538464 0.42908653846153844 0.07211538461538461 0.15144230769230768
5 0.18269230769230768 0.10817307692307693 0.06971153846153846 0.13701923076923078
4 0.3329326923076923 0.15504807692307693 0.07692307692307693 0.18269230769230768
2 0.24639423076923078 0.7980769230769231 0.08413461538461539 0.16826923076923078
3 0.2620192307692308 0.17067307692307693 0.057692307692307696 0.11538461538461539
3 0.25240384615384615 0.34615384615384615 0.0625 0.10576923076923077
3 0.25721153846153844 0.44471153846153844 0.06971153846153846 0.11778846153846154
3 0.3581730769230769 0.5733173076923077 0.0673076923076923 0.12980769230769232