2 0.4483173076923077 0.6466346153846154 0.08413461538461539 0.17067307692307693
1 0.18509615384615385 0.26802884615384615 0.0985576923076923 0.21634615384615385
4 0.38341346153846156 0.12379807692307693 0.07932692307692307 0.1875
0 0.453125 0.42427884615384615 0.08173076923076923 0.15144230769230768
5 0.4639423076923077 0.14302884615384615 0.07451923076923077 0.1346153846153846
3 0.4651442307692308 0.3173076923076923 0.06490384615384616 0.11298076923076923
3 0.3088942307692308 0.14182692307692307 0.07692307692307693 0.12259615384615384
3 0.2800480769230769 0.3137019230769231 0.06490384615384616 0.11778846153846154
3 0.3557692307692308 0.5516826923076923 0.0673076923076923 0.13221153846153846
5 0.31490384615384615 0.057692307692307696 0.07692307692307693 0.11538461538461539
2 0.23918269230769232 0.625 0.09375 0.17307692307692307
0 0.5432692307692307 0.2283653846153846 0.06490384615384616 0.15384615384615385
1 0.8040865384615384 0.31850961538461536 0.10336538461538461 0.21153846153846154
3 0.7139423076923077 0.35336538461538464 0.06009615384615385 0.1201923076923077
3 0.5384615384615384 0.6694711538461539 0.06490384615384616 0.13221153846153846
3 0.6177884615384616 0.5492788461538461 0.06490384615384616 0.125