2 0.47115384615384615 0.6310096153846154 0.07932692307692307 0.1778846153846154
1 0.17307692307692307 0.24879807692307693 0.09134615384615384 0.22355769230769232
4 0.375 0.09254807692307693 0.07692307692307693 0.18509615384615385
0 0.4639423076923077 0.39903846153846156 0.07692307692307693 0.15865384615384615
5 0.45913461538461536 0.10336538461538461 0.06971153846153846 0.13701923076923078
3 0.4699519230769231 0.2848557692307692 0.0625 0.11538461538461539
3 0.2956730769230769 0.109375 0.07451923076923077 0.125
3 0.27524038461538464 0.29086538461538464 0.0625 0.12259615384615384
3 0.36778846153846156 0.5372596153846154 0.0625 0.13701923076923078
5 0.2956730769230769 0.039663461538461536 0.07211538461538461 0.07932692307692307
2 0.24879807692307693 0.6213942307692307 0.09134615384615384 0.1778846153846154
0 0.546875 0.1875 0.06009615384615385 0.15865384615384615
1 0.8257211538461539 0.26802884615384615 0.0985576923076923 0.21875
3 0.7331730769230769 0.31009615384615385 0.057692307692307696 0.125
3 0.5673076923076923 0.6514423076923077 0.06009615384615385 0.13701923076923078
3 0.6418269230769231 0.5204326923076923 0.06009615384615385 0.12980769230769232