2 0.4495192307692308 0.6466346153846154 0.07211538461538461 0.16346153846153846
1 0.1658653846153846 0.2956730769230769 0.08173076923076923 0.2091346153846154
4 0.34975961538461536 0.140625 0.06490384615384616 0.18028846153846154
0 0.4387019230769231 0.43028846153846156 0.06971153846153846 0.14423076923076922
5 0.42908653846153844 0.15504807692307693 0.0625 0.12740384615384615
3 0.4423076923076923 0.3245192307692308 0.055288461538461536 0.10576923076923077
3 0.2776442307692308 0.16346153846153846 0.0673076923076923 0.11538461538461539
3 0.25961538461538464 0.3329326923076923 0.055288461538461536 0.11298076923076923
3 0.35096153846153844 0.5612980769230769 0.055288461538461536 0.12740384615384615
5 0.27524038461538464 0.0673076923076923 0.06490384615384616 0.13221153846153846
2 0.24278846153846154 0.640625 0.08173076923076923 0.16346153846153846
0 0.5132211538461539 0.23197115384615385 0.052884615384615384 0.1466346153846154
1 0.7740384615384616 0.30288461538461536 0.08653846153846154 0.20192307692307693
3 0.6875 0.3425480769230769 0.05048076923076923 0.11538461538461539
3 0.5384615384615384 0.6646634615384616 0.055288461538461536 0.125
3 0.6069711538461539 0.5408653846153846 0.055288461538461536 0.1201923076923077