4 0.8100961538461539 0.4266826923076923 0.0889423076923077 0.18509615384615385
1 0.7932692307692307 0.32091346153846156 0.0889423076923077 0.18990384615384615
2 0.7944711538461539 0.2608173076923077 0.07692307692307693 0.12740384615384615
2 0.8233173076923077 0.5673076923076923 0.08653846153846154 0.12980769230769232
0 0.7776442307692307 0.1658653846153846 0.06009615384615385 0.14182692307692307
0 0.8233173076923077 0.6838942307692307 0.07692307692307693 0.13942307692307693
5 0.7620192307692307 0.0889423076923077 0.06490384615384616 0.12980769230769232
5 0.8389423076923077 0.8185096153846154 0.08653846153846154 0.13701923076923078
3 0.7331730769230769 0.8125 0.06971153846153846 0.11778846153846154
3 0.7211538461538461 0.6670673076923077 0.07211538461538461 0.11778846153846154
3 0.7019230769230769 0.5600961538461539 0.06490384615384616 0.11057692307692307
3 0.7079326923076923 0.44350961538461536 0.06009615384615385 0.10576923076923077
3 0.7043269230769231 0.35697115384615385 0.055288461538461536 0.10336538461538461
3 0.7007211538461539 0.27524038461538464 0.055288461538461536 0.10576923076923077
3 0.6899038461538461 0.1814903846153846 0.05048076923076923 0.10096153846153846
3 0.6911057692307693 0.09495192307692307 0.05048076923076923 0.10576923076923077
4 0.18509615384615385 0.2980769230769231 0.07932692307692307 0.18028846153846154
1 0.1622596153846154 0.38100961538461536 0.0889423076923077 0.20432692307692307
2 0.18509615384615385 0.21634615384615385 0.07451923076923077 0.12259615384615384
2 0.15144230769230768 0.5240384615384616 0.07692307692307693 0.13942307692307693
0 0.20552884615384615 0.1201923076923077 0.06490384615384616 0.14182692307692307
0 0.12620192307692307 0.6442307692307693 0.07932692307692307 0.1466346153846154
5 0.22115384615384615 0.06129807692307692 0.0673076923076923 0.12259615384615384
5 0.10336538461538461 0.7884615384615384 0.08413461538461539 0.14423076923076922
3 0.2932692307692308 0.06610576923076923 0.052884615384615384 0.10336538461538461
3 0.2932692307692308 0.14783653846153846 0.052884615384615384 0.10576923076923077
3 0.27403846153846156 0.234375 0.052884615384615384 0.10817307692307693
3 0.2704326923076923 0.3173076923076923 0.057692307692307696 0.10336538461538461
3 0.2620192307692308 0.4206730769230769 0.06009615384615385 0.11057692307692307
3 0.24639423076923078 0.5336538461538461 0.06009615384615385 0.11298076923076923
3 0.2283653846153846 0.6574519230769231 0.06490384615384616 0.11778846153846154
3 0.2127403846153846 0.7944711538461539 0.07451923076923077 0.11538461538461539