4 0.8100961538461539 0.42908653846153844 0.09134615384615384 0.1875
1 0.7944711538461539 0.32211538461538464 0.09134615384615384 0.19230769230769232
2 0.7956730769230769 0.25961538461538464 0.07692307692307693 0.12980769230769232
2 0.8233173076923077 0.5721153846153846 0.0889423076923077 0.12980769230769232
0 0.7776442307692307 0.16466346153846154 0.0625 0.14423076923076922
0 0.8245192307692307 0.6911057692307693 0.07692307692307693 0.14182692307692307
5 0.7632211538461539 0.08533653846153846 0.06490384615384616 0.13221153846153846
5 0.8413461538461539 0.828125 0.0889423076923077 0.13942307692307693
3 0.7331730769230769 0.8221153846153846 0.06971153846153846 0.1201923076923077
3 0.71875 0.6730769230769231 0.07211538461538461 0.1201923076923077
3 0.7007211538461539 0.5649038461538461 0.06490384615384616 0.11057692307692307
3 0.7055288461538461 0.44711538461538464 0.06009615384615385 0.10576923076923077
3 0.703125 0.3581730769230769 0.057692307692307696 0.10576923076923077
3 0.6995192307692307 0.27524038461538464 0.055288461538461536 0.10576923076923077
3 0.6887019230769231 0.18028846153846154 0.05048076923076923 0.10336538461538461
3 0.6899038461538461 0.09134615384615384 0.05048076923076923 0.10576923076923077
4 0.17548076923076922 0.29927884615384615 0.07932692307692307 0.18269230769230768
1 0.15264423076923078 0.38341346153846156 0.0889423076923077 0.20673076923076922
2 0.17548076923076922 0.21514423076923078 0.07451923076923077 0.12259615384615384
2 0.14182692307692307 0.5276442307692307 0.07932692307692307 0.14182692307692307
0 0.1971153846153846 0.11899038461538461 0.0673076923076923 0.14423076923076922
0 0.11538461538461539 0.6502403846153846 0.07932692307692307 0.14903846153846154
5 0.21153846153846154 0.06009615384615385 0.0673076923076923 0.1201923076923077
5 0.09375 0.796875 0.08413461538461539 0.14903846153846154
3 0.2848557692307692 0.0625 0.052884615384615384 0.10576923076923077
3 0.2848557692307692 0.1466346153846154 0.055288461538461536 0.10817307692307693
3 0.265625 0.234375 0.055288461538461536 0.10817307692307693
3 0.2620192307692308 0.31850961538461536 0.06009615384615385 0.10336538461538461
3 0.2536057692307692 0.42427884615384615 0.0625 0.11298076923076923
3 0.23677884615384615 0.5384615384615384 0.0625 0.11538461538461539
3 0.21995192307692307 0.6634615384615384 0.06490384615384616 0.1201923076923077
3 0.20432692307692307 0.8028846153846154 0.07451923076923077 0.11778846153846154