4 0.8100961538461539 0.40384615384615385 0.07692307692307693 0.1778846153846154
1 0.7872596153846154 0.29927884615384615 0.07692307692307693 0.18509615384615385
2 0.7836538461538461 0.23918269230769232 0.0673076923076923 0.125
2 0.8341346153846154 0.5432692307692307 0.07692307692307693 0.125
0 0.7596153846153846 0.1466346153846154 0.052884615384615384 0.13942307692307693
0 0.8413461538461539 0.6598557692307693 0.0673076923076923 0.1346153846153846
5 0.7403846153846154 0.07091346153846154 0.055288461538461536 0.12740384615384615
5 0.8677884615384616 0.7932692307692307 0.07692307692307693 0.13221153846153846
3 0.7608173076923077 0.7944711538461539 0.0625 0.11538461538461539
3 0.7379807692307693 0.6502403846153846 0.0625 0.11538461538461539
3 0.7115384615384616 0.5444711538461539 0.057692307692307696 0.10576923076923077
3 0.7091346153846154 0.42788461538461536 0.052884615384615384 0.10096153846153846
3 0.6995192307692307 0.34134615384615385 0.04807692307692308 0.10096153846153846
3 0.6923076923076923 0.2608173076923077 0.04807692307692308 0.10096153846153846
3 0.6730769230769231 0.16826923076923078 0.04326923076923077 0.0985576923076923
3 0.6682692307692307 0.08173076923076923 0.04326923076923077 0.10096153846153846
4 0.1778846153846154 0.31971153846153844 0.0673076923076923 0.17548076923076922
1 0.1622596153846154 0.40384615384615385 0.07451923076923077 0.19951923076923078
2 0.17307692307692307 0.23677884615384615 0.0673076923076923 0.11778846153846154
2 0.15985576923076922 0.546875 0.0673076923076923 0.1346153846153846
0 0.18629807692307693 0.140625 0.055288461538461536 0.13942307692307693
0 0.14302884615384615 0.6682692307692307 0.0673076923076923 0.14423076923076922
5 0.1971153846153846 0.07692307692307693 0.055288461538461536 0.12259615384615384
5 0.13221153846153846 0.8137019230769231 0.07211538461538461 0.13942307692307693
3 0.2692307692307692 0.07932692307692307 0.04567307692307692 0.10096153846153846
3 0.27524038461538464 0.1622596153846154 0.04807692307692308 0.10336538461538461
3 0.2620192307692308 0.24879807692307693 0.04807692307692308 0.10576923076923077
3 0.2644230769230769 0.3329326923076923 0.052884615384615384 0.10096153846153846
3 0.26322115384615385 0.4362980769230769 0.052884615384615384 0.10576923076923077
3 0.2548076923076923 0.5504807692307693 0.052884615384615384 0.11057692307692307
3 0.24639423076923078 0.6742788461538461 0.057692307692307696 0.11298076923076923
3 0.2403846153846154 0.8125 0.0673076923076923 0.11057692307692307