0 0.4543269230769231 0.42427884615384615 0.08413461538461539 0.14903846153846154
5 0.45552884615384615 0.3317307692307692 0.06971153846153846 0.13701923076923078
2 0.44471153846153844 0.6454326923076923 0.08653846153846154 0.1658653846153846
1 0.1875 0.27283653846153844 0.10336538461538461 0.22115384615384615
4 0.38221153846153844 0.12620192307692307 0.08413461538461539 0.18509615384615385
3 0.3076923076923077 0.140625 0.06490384615384616 0.11538461538461539
3 0.2776442307692308 0.3137019230769231 0.0673076923076923 0.11298076923076923
3 0.3557692307692308 0.5528846153846154 0.0625 0.125
5 0.31490384615384615 0.056490384615384616 0.0625 0.11298076923076923
2 0.3605769230769231 0.40625 0.07692307692307693 0.16346153846153846
1 0.7992788461538461 0.31850961538461536 0.10576923076923077 0.21153846153846154
3 0.43028846153846156 0.5324519230769231 0.06490384615384616 0.11538461538461539
3 0.6105769230769231 0.3485576923076923 0.06490384615384616 0.1201923076923077
3 0.5348557692307693 0.6682692307692307 0.06971153846153846 0.12740384615384615