0 0.4651442307692308 0.44711538461538464 0.08413461538461539 0.15384615384615385
5 0.4639423076923077 0.35216346153846156 0.06971153846153846 0.14182692307692307
2 0.45913461538461536 0.6754807692307693 0.08653846153846154 0.17067307692307693
1 0.18629807692307693 0.29447115384615385 0.10096153846153846 0.2283653846153846
4 0.38461538461538464 0.140625 0.08413461538461539 0.18990384615384615
3 0.3088942307692308 0.15625 0.0673076923076923 0.1201923076923077
3 0.2800480769230769 0.33533653846153844 0.0673076923076923 0.11778846153846154
3 0.36538461538461536 0.5793269230769231 0.0625 0.12740384615384615
5 0.31490384615384615 0.06370192307692307 0.0625 0.12740384615384615
2 0.36778846153846156 0.42908653846153844 0.07692307692307693 0.1658653846153846
1 0.8185096153846154 0.33052884615384615 0.10576923076923077 0.21634615384615385
3 0.4411057692307692 0.5588942307692307 0.06490384615384616 0.11778846153846154
3 0.625 0.3641826923076923 0.06490384615384616 0.12259615384615384
3 0.5528846153846154 0.6959134615384616 0.06971153846153846 0.12980769230769232