0 0.4387019230769231 0.4675480769230769 0.0889423076923077 0.15865384615384615
5 0.421875 0.3713942307692308 0.07451923076923077 0.1466346153846154
2 0.46875 0.6995192307692307 0.09134615384615384 0.17548076923076922
1 0.13341346153846154 0.3581730769230769 0.10817307692307693 0.23317307692307693
4 0.3088942307692308 0.171875 0.09134615384615384 0.19471153846153846
3 0.234375 0.19951923076923078 0.06971153846153846 0.12259615384615384
3 0.23557692307692307 0.38461538461538464 0.07211538461538461 0.1201923076923077
3 0.359375 0.6189903846153846 0.06490384615384616 0.12980769230769232
5 0.2247596153846154 0.09615384615384616 0.06490384615384616 0.14423076923076922
2 0.33774038461538464 0.4651442307692308 0.07932692307692307 0.17067307692307693
1 0.7788461538461539 0.2932692307692308 0.11298076923076923 0.22355769230769232
3 0.4338942307692308 0.5841346153846154 0.06971153846153846 0.1201923076923077
3 0.5865384615384616 0.3581730769230769 0.0673076923076923 0.12740384615384615
3 0.5673076923076923 0.7055288461538461 0.07451923076923077 0.1346153846153846