5 0.8545673076923077 0.7752403846153846 0.08413461538461539 0.14182692307692307
1 0.7427884615384616 0.625 0.09375 0.21394230769230768
4 0.6310096153846154 0.30528846153846156 0.06971153846153846 0.17307692307692307
3 0.7151442307692307 0.23918269230769232 0.052884615384615384 0.11057692307692307
3 0.7259615384615384 0.4230769230769231 0.057692307692307696 0.11057692307692307
3 0.6442307692307693 0.5216346153846154 0.06009615384615385 0.11057692307692307
3 0.5444711538461539 0.30408653846153844 0.057692307692307696 0.10817307692307693
2 0.46153846153846156 0.39302884615384615 0.06490384615384616 0.14182692307692307
0 0.4519230769230769 0.6117788461538461 0.0673076923076923 0.14903846153846154
4 0.38221153846153844 0.28365384615384615 0.07451923076923077 0.18028846153846154
1 0.2860576923076923 0.3581730769230769 0.08173076923076923 0.20192307692307693
2 0.36899038461538464 0.49038461538461536 0.0673076923076923 0.14903846153846154
3 0.46153846153846156 0.3004807692307692 0.052884615384615384 0.10576923076923077
3 0.3137019230769231 0.19831730769230768 0.05048076923076923 0.11057692307692307
3 0.26802884615384615 0.609375 0.0625 0.11778846153846154
3 0.31850961538461536 0.046875 0.055288461538461536 0.09375
5 0.2403846153846154 0.04567307692307692 0.0673076923076923 0.09134615384615384
5 0.6550480769230769 0.7463942307692307 0.07692307692307693 0.15384615384615385