5 0.8521634615384616 0.7487980769230769 0.07692307692307693 0.13942307692307693
1 0.7367788461538461 0.6033653846153846 0.08413461538461539 0.2091346153846154
4 0.6117788461538461 0.28846153846153844 0.0625 0.17067307692307693
3 0.6935096153846154 0.21995192307692307 0.04807692307692308 0.10576923076923077
3 0.7115384615384616 0.4014423076923077 0.052884615384615384 0.10576923076923077
3 0.6334134615384616 0.5036057692307693 0.055288461538461536 0.10817307692307693
3 0.5264423076923077 0.2920673076923077 0.052884615384615384 0.10576923076923077
2 0.44711538461538464 0.38221153846153844 0.057692307692307696 0.13942307692307693
0 0.44471153846153844 0.5997596153846154 0.0625 0.1466346153846154
4 0.36538461538461536 0.2764423076923077 0.0673076923076923 0.1778846153846154
1 0.27163461538461536 0.35336538461538464 0.07211538461538461 0.1971153846153846
2 0.359375 0.48197115384615385 0.0625 0.1466346153846154
3 0.44471153846153844 0.29086538461538464 0.04807692307692308 0.10576923076923077
3 0.2932692307692308 0.19471153846153846 0.04807692307692308 0.10576923076923077
3 0.2620192307692308 0.6045673076923077 0.057692307692307696 0.11538461538461539
3 0.29447115384615385 0.04447115384615385 0.05048076923076923 0.0889423076923077
5 0.21514423076923078 0.04326923076923077 0.057692307692307696 0.08653846153846154
5 0.6526442307692307 0.7271634615384616 0.06971153846153846 0.14903846153846154