5 0.8533653846153846 0.7632211538461539 0.08413461538461539 0.14182692307692307
1 0.7451923076923077 0.6117788461538461 0.09375 0.21153846153846154
4 0.6394230769230769 0.29447115384615385 0.07211538461538461 0.17307692307692307
3 0.7235576923076923 0.23076923076923078 0.052884615384615384 0.10817307692307693
3 0.7319711538461539 0.4110576923076923 0.057692307692307696 0.11057692307692307
3 0.6502403846153846 0.5084134615384616 0.06009615384615385 0.11057692307692307
3 0.5540865384615384 0.2920673076923077 0.057692307692307696 0.10817307692307693
2 0.47115384615384615 0.3786057692307692 0.06490384615384616 0.13942307692307693
0 0.4579326923076923 0.5925480769230769 0.06971153846153846 0.14903846153846154
4 0.39663461538461536 0.2692307692307692 0.07451923076923077 0.18028846153846154
1 0.29927884615384615 0.3401442307692308 0.08413461538461539 0.19951923076923078
2 0.3798076923076923 0.4723557692307692 0.06971153846153846 0.14903846153846154
3 0.4735576923076923 0.28725961538461536 0.052884615384615384 0.10576923076923077
3 0.3293269230769231 0.18509615384615385 0.052884615384615384 0.10817307692307693
3 0.2764423076923077 0.5889423076923077 0.0625 0.11778846153846154
3 0.33774038461538464 0.040865384615384616 0.055288461538461536 0.08173076923076923
5 0.25841346153846156 0.038461538461538464 0.06490384615384616 0.07692307692307693
5 0.65625 0.7295673076923077 0.07692307692307693 0.15144230769230768