1 0.17307692307692307 0.27884615384615385 0.09615384615384616 0.22596153846153846
3 0.2956730769230769 0.14903846153846154 0.0673076923076923 0.11538461538461539
3 0.2704326923076923 0.328125 0.07211538461538461 0.12740384615384615
5 0.45552884615384615 0.328125 0.07211538461538461 0.14903846153846154
0 0.4579326923076923 0.43509615384615385 0.07692307692307693 0.15865384615384615
3 0.359375 0.5649038461538461 0.07451923076923077 0.12740384615384615
4 0.8125 0.328125 0.0889423076923077 0.1971153846153846
1 0.7283653846153846 0.3161057692307692 0.0985576923076923 0.21875
5 0.2980769230769231 0.057692307692307696 0.07692307692307693 0.11538461538461539
3 0.3557692307692308 0.4387019230769231 0.06490384615384616 0.12740384615384615
3 0.5492788461538461 0.6826923076923077 0.07451923076923077 0.12740384615384615
3 0.6165865384615384 0.34615384615384615 0.0625 0.12740384615384615