1 0.10216346153846154 0.28365384615384615 0.0985576923076923 0.2283653846153846
3 0.21153846153846154 0.140625 0.0673076923076923 0.11778846153846154
3 0.20552884615384615 0.3233173076923077 0.07211538461538461 0.12740384615384615
5 0.3918269230769231 0.30408653846153844 0.07211538461538461 0.14903846153846154
0 0.4050480769230769 0.41225961538461536 0.07692307692307693 0.16105769230769232
3 0.31971153846153844 0.5516826923076923 0.07451923076923077 0.12980769230769232
4 0.75 0.2668269230769231 0.09134615384615384 0.1971153846153846
1 0.6646634615384616 0.26322115384615385 0.0985576923076923 0.22115384615384615
5 0.20192307692307693 0.05889423076923077 0.07211538461538461 0.09134615384615384
3 0.30288461538461536 0.4266826923076923 0.06490384615384616 0.12980769230769232
3 0.5228365384615384 0.6502403846153846 0.07451923076923077 0.12980769230769232
3 0.5552884615384616 0.30408653846153844 0.0625 0.12740384615384615