1 0.15745192307692307 0.31850961538461536 0.09615384615384616 0.22355769230769232
3 0.2644230769230769 0.1778846153846154 0.0673076923076923 0.11538461538461539
3 0.25721153846153844 0.3557692307692308 0.07211538461538461 0.125
5 0.43990384615384615 0.33774038461538464 0.07211538461538461 0.1466346153846154
0 0.4519230769230769 0.44350961538461536 0.07692307692307693 0.15865384615384615
3 0.36899038461538464 0.5805288461538461 0.07451923076923077 0.12740384615384615
4 0.7896634615384616 0.3016826923076923 0.0889423076923077 0.19471153846153846
1 0.7055288461538461 0.2980769230769231 0.09615384615384616 0.21634615384615385
5 0.2536057692307692 0.07692307692307693 0.07451923076923077 0.13221153846153846
3 0.35216346153846156 0.4567307692307692 0.06490384615384616 0.12740384615384615
3 0.5673076923076923 0.6766826923076923 0.07211538461538461 0.12740384615384615
3 0.5985576923076923 0.3401442307692308 0.0625 0.125