1 0.7524038461538461 0.2764423076923077 0.10096153846153846 0.21875
0 0.5685096153846154 0.14783653846153846 0.0625 0.1466346153846154
5 0.5336538461538461 0.07211538461538461 0.07451923076923077 0.13701923076923078
5 0.5144230769230769 0.4375 0.08653846153846154 0.16346153846153846
3 0.6682692307692307 0.32572115384615385 0.0673076923076923 0.12259615384615384
3 0.7680288461538461 0.7608173076923077 0.07211538461538461 0.12980769230769232
3 0.5588942307692307 0.6670673076923077 0.07451923076923077 0.13221153846153846
3 0.609375 0.5288461538461539 0.0673076923076923 0.13221153846153846
3 0.3858173076923077 0.1875 0.06009615384615385 0.11057692307692307
3 0.46153846153846156 0.17668269230769232 0.06490384615384616 0.11298076923076923
2 0.5829326923076923 0.3269230769230769 0.07932692307692307 0.15865384615384615
2 0.46634615384615385 0.7860576923076923 0.08653846153846154 0.17307692307692307
4 0.3137019230769231 0.15865384615384615 0.08413461538461539 0.1875
2 0.25841346153846156 0.8173076923076923 0.10096153846153846 0.17067307692307693
5 0.15865384615384615 0.11538461538461539 0.07692307692307693 0.1346153846153846
0 0.3473557692307692 0.44350961538461536 0.08173076923076923 0.16105769230769232
0 0.15625 0.1778846153846154 0.07692307692307693 0.16826923076923078
1 0.14783653846153846 0.43990384615384615 0.11057692307692307 0.21634615384615385
3 0.3737980769230769 0.09134615384615384 0.0673076923076923 0.11538461538461539
3 0.24158653846153846 0.18629807692307693 0.0673076923076923 0.1201923076923077
3 0.24158653846153846 0.3581730769230769 0.06009615384615385 0.11778846153846154
3 0.25 0.46153846153846156 0.06971153846153846 0.12259615384615384
3 0.359375 0.5745192307692307 0.07692307692307693 0.13221153846153846