1 0.7872596153846154 0.32572115384615385 0.09615384615384616 0.22355769230769232
0 0.6177884615384616 0.16826923076923078 0.06009615384615385 0.15144230769230768
5 0.5925480769230769 0.08653846153846154 0.07211538461538461 0.13942307692307693
5 0.5216346153846154 0.4567307692307692 0.08413461538461539 0.16826923076923078
3 0.6935096153846154 0.3641826923076923 0.0673076923076923 0.125
3 0.7331730769230769 0.8233173076923077 0.06971153846153846 0.13221153846153846
3 0.5324519230769231 0.6983173076923077 0.07211538461538461 0.13221153846153846
3 0.6057692307692307 0.5637019230769231 0.06490384615384616 0.1346153846153846
3 0.4254807692307692 0.18269230769230768 0.057692307692307696 0.11298076923076923
3 0.5048076923076923 0.18269230769230768 0.0625 0.11538461538461539
2 0.6057692307692307 0.35336538461538464 0.07692307692307693 0.16105769230769232
2 0.421875 0.8064903846153846 0.08413461538461539 0.17548076923076922
4 0.3545673076923077 0.14302884615384615 0.07932692307692307 0.19230769230769232
2 0.20432692307692307 0.8076923076923077 0.0985576923076923 0.17307692307692307
5 0.203125 0.07572115384615384 0.07211538461538461 0.13701923076923078
0 0.34975961538461536 0.4375 0.07932692307692307 0.1658653846153846
0 0.19110576923076922 0.13942307692307693 0.07451923076923077 0.17067307692307693
1 0.14543269230769232 0.40625 0.10817307692307693 0.21875
3 0.4266826923076923 0.08173076923076923 0.06490384615384616 0.11778846153846154
3 0.27884615384615385 0.15985576923076922 0.06490384615384616 0.12259615384615384
3 0.2536057692307692 0.33653846153846156 0.057692307692307696 0.1201923076923077
3 0.24759615384615385 0.44350961538461536 0.0673076923076923 0.125
3 0.3425480769230769 0.5745192307692307 0.07451923076923077 0.13221153846153846