1 0.765625 0.24879807692307693 0.10817307692307693 0.22596153846153846
0 0.5733173076923077 0.11899038461538461 0.0673076923076923 0.15144230769230768
5 0.5396634615384616 0.057692307692307696 0.07932692307692307 0.11538461538461539
5 0.5240384615384616 0.41947115384615385 0.09134615384615384 0.17067307692307693
3 0.6814903846153846 0.3004807692307692 0.07211538461538461 0.12740384615384615
3 0.7920673076923077 0.7475961538461539 0.07692307692307693 0.1346153846153846
3 0.5745192307692307 0.6550480769230769 0.07932692307692307 0.13701923076923078
3 0.625 0.5108173076923077 0.07211538461538461 0.13701923076923078
3 0.3870192307692308 0.16346153846153846 0.06490384615384616 0.11538461538461539
3 0.4651442307692308 0.1502403846153846 0.06971153846153846 0.11778846153846154
2 0.5913461538461539 0.30288461538461536 0.08653846153846154 0.1658653846153846
2 0.4807692307692308 0.7788461538461539 0.09134615384615384 0.1778846153846154
4 0.3112980769230769 0.1346153846153846 0.0889423076923077 0.19471153846153846
2 0.265625 0.8149038461538461 0.10817307692307693 0.1778846153846154
5 0.1502403846153846 0.09735576923076923 0.07932692307692307 0.13221153846153846
0 0.35216346153846156 0.42788461538461536 0.08653846153846154 0.16826923076923078
0 0.14903846153846154 0.15745192307692307 0.08413461538461539 0.17307692307692307
1 0.14543269230769232 0.42788461538461536 0.1201923076923077 0.22355769230769232
3 0.375 0.0673076923076923 0.07451923076923077 0.11778846153846154
3 0.23918269230769232 0.16346153846153846 0.06971153846153846 0.125
3 0.2403846153846154 0.34134615384615385 0.06490384615384616 0.12259615384615384
3 0.25240384615384615 0.44711538461538464 0.07451923076923077 0.12740384615384615
3 0.36658653846153844 0.5637019230769231 0.08173076923076923 0.13701923076923078