4 0.32091346153846156 0.15865384615384615 0.08413461538461539 0.1875
1 0.15745192307692307 0.4326923076923077 0.10096153846153846 0.22596153846153846
5 0.17067307692307693 0.10817307692307693 0.07211538461538461 0.1346153846153846
0 0.1622596153846154 0.16947115384615385 0.07451923076923077 0.15625
0 0.3485576923076923 0.4387019230769231 0.08173076923076923 0.15625
2 0.2548076923076923 0.8052884615384616 0.10096153846153846 0.18269230769230768
3 0.3858173076923077 0.09375 0.055288461538461536 0.11538461538461539
3 0.25 0.18028846153846154 0.06490384615384616 0.125
3 0.24879807692307693 0.3581730769230769 0.06490384615384616 0.125
3 0.2548076923076923 0.453125 0.07451923076923077 0.12740384615384615
3 0.3629807692307692 0.5733173076923077 0.06490384615384616 0.12740384615384615
1 0.7560096153846154 0.2800480769230769 0.09615384615384616 0.20432692307692307
0 0.5721153846153846 0.15144230769230768 0.06009615384615385 0.14903846153846154
2 0.45913461538461536 0.7776442307692307 0.08653846153846154 0.17307692307692307
2 0.41947115384615385 0.2512019230769231 0.08173076923076923 0.13942307692307693
5 0.5396634615384616 0.07692307692307693 0.06971153846153846 0.12980769230769232
5 0.5180288461538461 0.43509615384615385 0.07451923076923077 0.13942307692307693
3 0.7632211538461539 0.7644230769230769 0.06971153846153846 0.12740384615384615
3 0.3942307692307692 0.1875 0.06009615384615385 0.10817307692307693
3 0.46875 0.17427884615384615 0.057692307692307696 0.10817307692307693
3 0.671875 0.3293269230769231 0.055288461538461536 0.11298076923076923
3 0.6105769230769231 0.5324519230769231 0.06490384615384616 0.12740384615384615
3 0.5528846153846154 0.6598557692307693 0.06971153846153846 0.12259615384615384