4 0.35096153846153844 0.13701923076923078 0.08173076923076923 0.1971153846153846
1 0.15264423076923078 0.4026442307692308 0.09615384615384616 0.23317307692307693
5 0.19951923076923078 0.06850961538461539 0.07211538461538461 0.13701923076923078
0 0.18629807692307693 0.1310096153846154 0.07211538461538461 0.16105769230769232
0 0.35096153846153844 0.43149038461538464 0.08173076923076923 0.16346153846153846
2 0.2127403846153846 0.8028846153846154 0.0985576923076923 0.18990384615384615
3 0.4266826923076923 0.07572115384615384 0.055288461538461536 0.1201923076923077
3 0.2764423076923077 0.1502403846153846 0.06490384615384616 0.12980769230769232
3 0.25600961538461536 0.33653846153846156 0.0625 0.12980769230769232
3 0.2512019230769231 0.4362980769230769 0.07451923076923077 0.12980769230769232
3 0.35096153846153844 0.5721153846153846 0.0625 0.13221153846153846
1 0.7920673076923077 0.31009615384615385 0.09375 0.21153846153846154
0 0.6141826923076923 0.15504807692307693 0.057692307692307696 0.15625
2 0.42788461538461536 0.796875 0.08653846153846154 0.18028846153846154
2 0.44471153846153844 0.24278846153846154 0.08173076923076923 0.14423076923076922
5 0.5889423076923077 0.07451923076923077 0.0673076923076923 0.1346153846153846
5 0.5288461538461539 0.44591346153846156 0.07451923076923077 0.14423076923076922
3 0.7463942307692307 0.8149038461538461 0.0673076923076923 0.12980769230769232
3 0.4254807692307692 0.17307692307692307 0.06009615384615385 0.11298076923076923
3 0.5048076923076923 0.16826923076923078 0.057692307692307696 0.11057692307692307
3 0.6995192307692307 0.35216346153846156 0.055288461538461536 0.11778846153846154
3 0.6129807692307693 0.5564903846153846 0.0625 0.12980769230769232
3 0.5396634615384616 0.6838942307692307 0.0673076923076923 0.125