4 0.3545673076923077 0.11177884615384616 0.07692307692307693 0.1971153846153846
1 0.16826923076923078 0.390625 0.09375 0.23317307692307693
5 0.19951923076923078 0.0625 0.0673076923076923 0.11538461538461539
0 0.1875 0.1141826923076923 0.06971153846153846 0.16105769230769232
0 0.36899038461538464 0.4074519230769231 0.07932692307692307 0.16346153846153846
2 0.25 0.7884615384615384 0.09615384615384616 0.18990384615384615
3 0.42788461538461536 0.054086538461538464 0.052884615384615384 0.10576923076923077
3 0.2800480769230769 0.12980769230769232 0.0625 0.12740384615384615
3 0.26802884615384615 0.3173076923076923 0.0625 0.12980769230769232
3 0.2704326923076923 0.4182692307692308 0.07211538461538461 0.12980769230769232
3 0.37740384615384615 0.5504807692307693 0.06009615384615385 0.13221153846153846
1 0.8064903846153846 0.26322115384615385 0.09134615384615384 0.21153846153846154
0 0.6189903846153846 0.11778846153846154 0.055288461538461536 0.15625
2 0.46634615384615385 0.7716346153846154 0.08173076923076923 0.18028846153846154
2 0.4543269230769231 0.21514423076923078 0.07932692307692307 0.14423076923076922
5 0.5913461538461539 0.052884615384615384 0.0673076923076923 0.10576923076923077
5 0.5480769230769231 0.41346153846153844 0.07211538461538461 0.14423076923076922
3 0.7872596153846154 0.7740384615384616 0.06490384615384616 0.12980769230769232
3 0.43149038461538464 0.14543269230769232 0.057692307692307696 0.11057692307692307
3 0.5108173076923077 0.13581730769230768 0.057692307692307696 0.11057692307692307
3 0.7163461538461539 0.31009615384615385 0.052884615384615384 0.11778846153846154
3 0.6394230769230769 0.5204326923076923 0.06009615384615385 0.12980769230769232
3 0.5721153846153846 0.6526442307692307 0.0673076923076923 0.125