1 0.7860576923076923 0.2800480769230769 0.09375 0.22596153846153846
0 0.5084134615384616 0.1935096153846154 0.07211538461538461 0.16826923076923078
5 0.5072115384615384 0.32091346153846156 0.07451923076923077 0.1346153846153846
5 0.5829326923076923 0.057692307692307696 0.07211538461538461 0.11057692307692307
3 0.6923076923076923 0.32211538461538464 0.055288461538461536 0.12740384615384615
3 0.5997596153846154 0.5324519230769231 0.0625 0.12740384615384615
3 0.5288461538461539 0.6586538461538461 0.06971153846153846 0.13221153846153846
3 0.41466346153846156 0.14182692307692307 0.057692307692307696 0.1201923076923077
2 0.3317307692307692 0.40865384615384615 0.0673076923076923 0.16105769230769232
2 0.21033653846153846 0.6225961538461539 0.08413461538461539 0.16826923076923078
2 0.19591346153846154 0.7848557692307693 0.08653846153846154 0.17548076923076922
1 0.14182692307692307 0.2644230769230769 0.09375 0.22115384615384615
0 0.42788461538461536 0.4110576923076923 0.07932692307692307 0.17307692307692307
4 0.33533653846153844 0.10697115384615384 0.07692307692307693 0.19230769230769232
5 0.18269230769230768 0.056490384615384616 0.08173076923076923 0.11298076923076923
3 0.25961538461538464 0.11899038461538461 0.0625 0.11778846153846154
3 0.23918269230769232 0.30288461538461536 0.0625 0.1201923076923077
3 0.234375 0.4110576923076923 0.06971153846153846 0.125
3 0.33413461538461536 0.5432692307692307 0.07211538461538461 0.1346153846153846