1 0.796875 0.30649038461538464 0.0889423076923077 0.21875
0 0.5288461538461539 0.22235576923076922 0.06971153846153846 0.16105769230769232
5 0.5288461538461539 0.3449519230769231 0.07211538461538461 0.12980769230769232
5 0.5997596153846154 0.07451923076923077 0.06971153846153846 0.13942307692307693
3 0.7067307692307693 0.3449519230769231 0.052884615384615384 0.12259615384615384
3 0.6165865384615384 0.5480769230769231 0.06009615384615385 0.12259615384615384
3 0.5480769230769231 0.6694711538461539 0.0673076923076923 0.12740384615384615
3 0.4387019230769231 0.171875 0.055288461538461536 0.11538461538461539
2 0.3581730769230769 0.42908653846153844 0.06490384615384616 0.15384615384615385
2 0.24278846153846154 0.6346153846153846 0.08173076923076923 0.16105769230769232
2 0.22716346153846154 0.7908653846153846 0.08413461538461539 0.16826923076923078
1 0.17668269230769232 0.2920673076923077 0.09134615384615384 0.21394230769230768
0 0.45072115384615385 0.43149038461538464 0.07692307692307693 0.1658653846153846
4 0.3629807692307692 0.13822115384615385 0.07451923076923077 0.18509615384615385
5 0.21634615384615385 0.07211538461538461 0.07451923076923077 0.13701923076923078
3 0.28966346153846156 0.15144230769230768 0.06009615384615385 0.11298076923076923
3 0.2692307692307692 0.3269230769230769 0.06009615384615385 0.11538461538461539
3 0.2668269230769231 0.43149038461538464 0.0673076923076923 0.1201923076923077
3 0.3605769230769231 0.5576923076923077 0.06971153846153846 0.12980769230769232