1 0.7872596153846154 0.31850961538461536 0.09615384615384616 0.21634615384615385
0 0.5276442307692307 0.22716346153846154 0.07451923076923077 0.16346153846153846
5 0.5228365384615384 0.3473557692307692 0.07692307692307693 0.12980769230769232
5 0.6021634615384616 0.08413461538461539 0.07451923076923077 0.13942307692307693
3 0.6983173076923077 0.3545673076923077 0.055288461538461536 0.1201923076923077
3 0.6021634615384616 0.5516826923076923 0.0625 0.1201923076923077
3 0.53125 0.6682692307692307 0.07211538461538461 0.12740384615384615
3 0.4411057692307692 0.17548076923076922 0.057692307692307696 0.11538461538461539
2 0.35216346153846156 0.4254807692307692 0.06971153846153846 0.15384615384615385
2 0.23197115384615385 0.6237980769230769 0.08413461538461539 0.16105769230769232
2 0.21033653846153846 0.7776442307692307 0.0889423076923077 0.16826923076923078
1 0.1778846153846154 0.28365384615384615 0.09615384615384616 0.21394230769230768
0 0.44350961538461536 0.43149038461538464 0.08173076923076923 0.1658653846153846
4 0.36778846153846156 0.13942307692307693 0.07932692307692307 0.18509615384615385
5 0.22596153846153846 0.06850961538461539 0.08173076923076923 0.13701923076923078
3 0.29447115384615385 0.14783653846153846 0.0625 0.11298076923076923
3 0.2692307692307692 0.32091346153846156 0.0625 0.11538461538461539
3 0.2620192307692308 0.42427884615384615 0.06971153846153846 0.1201923076923077
3 0.35096153846153844 0.5516826923076923 0.07211538461538461 0.12980769230769232