5 0.5805288461538461 0.0625 0.055288461538461536 0.11778846153846154
5 0.8581730769230769 0.7283653846153846 0.07932692307692307 0.14903846153846154
1 0.7956730769230769 0.3581730769230769 0.08173076923076923 0.20673076923076922
4 0.5985576923076923 0.2932692307692308 0.07211538461538461 0.18509615384615385
3 0.703125 0.39903846153846156 0.057692307692307696 0.11538461538461539
3 0.6754807692307693 0.22115384615384615 0.05048076923076923 0.10576923076923077
3 0.6574519230769231 0.1346153846153846 0.04807692307692308 0.0985576923076923
3 0.5096153846153846 0.06129807692307692 0.05048076923076923 0.10817307692307693
3 0.6322115384615384 0.5060096153846154 0.05048076923076923 0.11298076923076923
3 0.515625 0.30408653846153844 0.052884615384615384 0.10576923076923077
2 0.5817307692307693 0.12740384615384615 0.04807692307692308 0.13221153846153846
2 0.44471153846153844 0.40024038461538464 0.07451923076923077 0.14423076923076922
0 0.4495192307692308 0.6105769230769231 0.07211538461538461 0.1466346153846154
1 0.16826923076923078 0.3786057692307692 0.08653846153846154 0.2091346153846154
4 0.36177884615384615 0.3016826923076923 0.07211538461538461 0.17548076923076922
2 0.3581730769230769 0.19951923076923078 0.06009615384615385 0.13942307692307693
2 0.16706730769230768 0.6189903846153846 0.0889423076923077 0.15865384615384615
5 0.26322115384615385 0.7596153846153846 0.07932692307692307 0.14182692307692307
5 0.19230769230769232 0.06610576923076923 0.0625 0.11057692307692307
3 0.2704326923076923 0.6286057692307693 0.057692307692307696 0.11538461538461539
3 0.2704326923076923 0.06490384615384616 0.055288461538461536 0.10336538461538461
3 0.28125 0.2247596153846154 0.0625 0.11057692307692307
3 0.4338942307692308 0.3016826923076923 0.055288461538461536 0.11298076923076923
3 0.45913461538461536 0.7475961538461539 0.0673076923076923 0.12740384615384615