5 0.6213942307692307 0.05889423076923077 0.0625 0.10336538461538461
5 0.8269230769230769 0.7848557692307693 0.09375 0.16346153846153846
1 0.8100961538461539 0.3870192307692308 0.0985576923076923 0.22355769230769232
4 0.6105769230769231 0.2920673076923077 0.08653846153846154 0.19951923076923078
3 0.7079326923076923 0.4182692307692308 0.0673076923076923 0.125
3 0.7019230769230769 0.22596153846153846 0.06009615384615385 0.11538461538461539
3 0.6935096153846154 0.13341346153846154 0.057692307692307696 0.10817307692307693
3 0.546875 0.04807692307692308 0.057692307692307696 0.09615384615384616
3 0.6189903846153846 0.5216346153846154 0.06009615384615385 0.12259615384615384
3 0.5228365384615384 0.2932692307692308 0.06009615384615385 0.11538461538461539
2 0.6141826923076923 0.11658653846153846 0.057692307692307696 0.14182692307692307
2 0.43509615384615385 0.38461538461538464 0.08653846153846154 0.15625
0 0.41346153846153844 0.6069711538461539 0.08653846153846154 0.16105769230769232
1 0.14783653846153846 0.32572115384615385 0.10336538461538461 0.22596153846153846
4 0.3605769230769231 0.2704326923076923 0.08653846153846154 0.18990384615384615
2 0.3701923076923077 0.16346153846153846 0.07211538461538461 0.14903846153846154
2 0.11538461538461539 0.5793269230769231 0.10336538461538461 0.17307692307692307
5 0.19831730769230768 0.7403846153846154 0.0889423076923077 0.15384615384615385
5 0.21033653846153846 0.03125 0.07451923076923077 0.0625
3 0.22115384615384615 0.6021634615384616 0.06490384615384616 0.125
3 0.29447115384615385 0.03485576923076923 0.06490384615384616 0.06971153846153846
3 0.2860576923076923 0.17908653846153846 0.07211538461538461 0.1201923076923077
3 0.4362980769230769 0.2800480769230769 0.06490384615384616 0.12259615384615384
3 0.4050480769230769 0.7536057692307693 0.07932692307692307 0.13701923076923078