5 0.5661057692307693 0.06850961538461539 0.055288461538461536 0.1201923076923077
5 0.8425480769230769 0.7680288461538461 0.08173076923076923 0.15625
1 0.7836538461538461 0.38100961538461536 0.08413461538461539 0.21394230769230768
4 0.5805288461538461 0.31009615384615385 0.07211538461538461 0.19230769230769232
3 0.6875 0.421875 0.057692307692307696 0.11778846153846154
3 0.6610576923076923 0.23557692307692307 0.05048076923076923 0.11057692307692307
3 0.6454326923076923 0.14543269230769232 0.04807692307692308 0.10336538461538461
3 0.49158653846153844 0.06610576923076923 0.05048076923076923 0.11298076923076923
3 0.6105769230769231 0.53125 0.05048076923076923 0.11538461538461539
3 0.49399038461538464 0.31971153846153844 0.052884615384615384 0.11057692307692307
2 0.5661057692307693 0.13701923076923078 0.04807692307692308 0.13701923076923078
2 0.4182692307692308 0.4170673076923077 0.07692307692307693 0.15144230769230768
0 0.41947115384615385 0.6370192307692307 0.07451923076923077 0.15384615384615385
1 0.12980769230769232 0.3894230769230769 0.08653846153846154 0.21634615384615385
4 0.3329326923076923 0.3137019230769231 0.07211538461538461 0.18269230769230768
2 0.3317307692307692 0.20673076923076922 0.06009615384615385 0.14423076923076922
2 0.125 0.640625 0.09134615384615384 0.1658653846153846
5 0.22115384615384615 0.7896634615384616 0.07932692307692307 0.1466346153846154
5 0.16105769230769232 0.06370192307692307 0.0625 0.11538461538461539
3 0.23076923076923078 0.6526442307692307 0.057692307692307696 0.1201923076923077
3 0.24278846153846154 0.06610576923076923 0.055288461538461536 0.10576923076923077
3 0.25 0.23317307692307693 0.0625 0.11298076923076923
3 0.4074519230769231 0.31490384615384615 0.055288461538461536 0.11538461538461539
3 0.4266826923076923 0.78125 0.06971153846153846 0.12980769230769232