0 0.75 0.5925480769230769 0.06971153846153846 0.15865384615384615
5 0.6021634615384616 0.04326923076923077 0.06490384615384616 0.08653846153846154
5 0.890625 0.7151442307692307 0.07451923076923077 0.14423076923076922
1 0.8269230769230769 0.3317307692307692 0.09134615384615384 0.21153846153846154
4 0.6201923076923077 0.25721153846153844 0.0673076923076923 0.17548076923076922
0 0.5528846153846154 0.4795673076923077 0.06009615384615385 0.1466346153846154
3 0.7007211538461539 0.18990384615384615 0.052884615384615384 0.10576923076923077
3 0.6875 0.10216346153846154 0.04567307692307692 0.10096153846153846
3 0.7295673076923077 0.3737980769230769 0.055288461538461536 0.11538461538461539
3 0.7451923076923077 0.4831730769230769 0.057692307692307696 0.10817307692307693
3 0.6862980769230769 0.7391826923076923 0.06009615384615385 0.125
3 0.6514423076923077 0.6021634615384616 0.057692307692307696 0.11057692307692307
3 0.5324519230769231 0.27283653846153844 0.052884615384615384 0.10576923076923077
3 0.5300480769230769 0.04326923076923077 0.05048076923076923 0.08653846153846154
2 0.6033653846153846 0.0889423076923077 0.0625 0.13942307692307693
2 0.4567307692307692 0.3762019230769231 0.07451923076923077 0.14423076923076922
4 0.18509615384615385 0.25961538461538464 0.07932692307692307 0.18990384615384615
1 0.171875 0.35096153846153844 0.08413461538461539 0.2091346153846154
5 0.27163461538461536 0.7439903846153846 0.07211538461538461 0.14903846153846154
5 0.19831730769230768 0.04567307692307692 0.06971153846153846 0.07211538461538461
0 0.3629807692307692 0.042067307692307696 0.052884615384615384 0.07692307692307693
0 0.15985576923076922 0.48197115384615385 0.07211538461538461 0.1466346153846154
2 0.36899038461538464 0.17067307692307693 0.06490384615384616 0.14903846153846154
2 0.17548076923076922 0.6057692307692307 0.07692307692307693 0.15384615384615385
3 0.4483173076923077 0.2764423076923077 0.04807692307692308 0.11057692307692307
3 0.43509615384615385 0.1045673076923077 0.055288461538461536 0.11298076923076923
3 0.28125 0.04326923076923077 0.052884615384615384 0.07451923076923077
3 0.2824519230769231 0.19831730769230768 0.055288461538461536 0.10817307692307693
3 0.28125 0.39302884615384615 0.0625 0.10336538461538461
3 0.27524038461538464 0.5048076923076923 0.052884615384615384 0.11298076923076923
3 0.27884615384615385 0.6141826923076923 0.0625 0.1201923076923077
3 0.4795673076923077 0.7367788461538461 0.0625 0.12259615384615384