0 0.7127403846153846 0.6105769230769231 0.0625 0.15144230769230768
5 0.5877403846153846 0.056490384615384616 0.06009615384615385 0.11298076923076923
5 0.8449519230769231 0.7331730769230769 0.0673076923076923 0.13701923076923078
1 0.7956730769230769 0.3605769230769231 0.08173076923076923 0.20192307692307693
4 0.5985576923076923 0.2824519230769231 0.06009615384615385 0.16826923076923078
0 0.5264423076923077 0.4951923076923077 0.052884615384615384 0.13942307692307693
3 0.6778846153846154 0.21995192307692307 0.04807692307692308 0.10096153846153846
3 0.6682692307692307 0.1346153846153846 0.040865384615384616 0.09615384615384616
3 0.7007211538461539 0.39783653846153844 0.04807692307692308 0.11057692307692307
3 0.7115384615384616 0.5048076923076923 0.052884615384615384 0.10576923076923077
3 0.6454326923076923 0.75 0.052884615384615384 0.11778846153846154
3 0.6165865384615384 0.6153846153846154 0.052884615384615384 0.10576923076923077
3 0.5132211538461539 0.29447115384615385 0.04567307692307692 0.10096153846153846
3 0.5180288461538461 0.056490384615384616 0.04326923076923077 0.10576923076923077
2 0.5889423076923077 0.11899038461538461 0.055288461538461536 0.1346153846153846
2 0.4362980769230769 0.3918269230769231 0.0673076923076923 0.13701923076923078
4 0.1778846153846154 0.2692307692307692 0.07211538461538461 0.18028846153846154
1 0.16105769230769232 0.3581730769230769 0.07451923076923077 0.19951923076923078
5 0.24519230769230768 0.7415865384615384 0.06490384615384616 0.14182692307692307
5 0.1971153846153846 0.04807692307692308 0.0625 0.09615384615384616
0 0.35697115384615385 0.05048076923076923 0.04807692307692308 0.10096153846153846
0 0.1466346153846154 0.484375 0.0625 0.13942307692307693
2 0.359375 0.18870192307692307 0.057692307692307696 0.14182692307692307
2 0.15625 0.6045673076923077 0.06971153846153846 0.1466346153846154
3 0.4326923076923077 0.2956730769230769 0.04326923076923077 0.10576923076923077
3 0.4254807692307692 0.12740384615384615 0.04807692307692308 0.10576923076923077
3 0.2776442307692308 0.04927884615384615 0.05048076923076923 0.0985576923076923
3 0.27403846153846156 0.21394230769230768 0.04807692307692308 0.10096153846153846
3 0.265625 0.4026442307692308 0.057692307692307696 0.10096153846153846
3 0.25600961538461536 0.5084134615384616 0.04807692307692308 0.10576923076923077
3 0.25600961538461536 0.6165865384615384 0.055288461538461536 0.11538461538461539
3 0.44591346153846156 0.7415865384615384 0.057692307692307696 0.11778846153846154