0 0.7403846153846154 0.6153846153846154 0.07211538461538461 0.16105769230769232
5 0.6394230769230769 0.04807692307692308 0.06490384615384616 0.08413461538461539
5 0.8725961538461539 0.75 0.07932692307692307 0.1466346153846154
1 0.8401442307692307 0.3605769230769231 0.09615384615384616 0.21634615384615385
4 0.6394230769230769 0.2668269230769231 0.07211538461538461 0.18028846153846154
0 0.5528846153846154 0.484375 0.06490384615384616 0.14903846153846154
3 0.7259615384615384 0.20673076923076922 0.055288461538461536 0.10817307692307693
3 0.7199519230769231 0.11658653846153846 0.04807692307692308 0.10336538461538461
3 0.7403846153846154 0.39302884615384615 0.055288461538461536 0.11778846153846154
3 0.7451923076923077 0.5048076923076923 0.06009615384615385 0.11057692307692307
3 0.6634615384615384 0.7572115384615384 0.0625 0.12740384615384615
3 0.640625 0.6153846153846154 0.06009615384615385 0.11298076923076923
3 0.5504807692307693 0.27403846153846156 0.052884615384615384 0.10817307692307693
3 0.5673076923076923 0.04326923076923077 0.052884615384615384 0.08413461538461539
2 0.6382211538461539 0.09615384615384616 0.06490384615384616 0.14182692307692307
2 0.4639423076923077 0.37259615384615385 0.07692307692307693 0.1466346153846154
4 0.20072115384615385 0.23076923076923078 0.08413461538461539 0.19230769230769232
1 0.17908653846153846 0.32211538461538464 0.0889423076923077 0.21153846153846154
5 0.24519230769230768 0.7259615384615384 0.07692307692307693 0.15144230769230768
5 0.234375 0.026442307692307692 0.06971153846153846 0.052884615384615384
0 0.40024038461538464 0.03485576923076923 0.06009615384615385 0.06971153846153846
0 0.15745192307692307 0.453125 0.07451923076923077 0.14903846153846154
2 0.3954326923076923 0.15625 0.0673076923076923 0.15144230769230768
2 0.15985576923076922 0.5793269230769231 0.08173076923076923 0.15865384615384615
3 0.46634615384615385 0.27163461538461536 0.05048076923076923 0.11298076923076923
3 0.4675480769230769 0.09615384615384616 0.057692307692307696 0.11538461538461539
3 0.3161057692307692 0.030048076923076924 0.055288461538461536 0.06009615384615385
3 0.30528846153846156 0.1778846153846154 0.057692307692307696 0.11057692307692307
3 0.2848557692307692 0.375 0.06490384615384616 0.10576923076923077
3 0.2704326923076923 0.484375 0.055288461538461536 0.11538461538461539
3 0.2644230769230769 0.5973557692307693 0.06490384615384616 0.12259615384615384
3 0.45552884615384615 0.7367788461538461 0.06490384615384616 0.125