4 0.5168269230769231 0.41947115384615385 0.07932692307692307 0.1778846153846154
1 0.7596153846153846 0.28365384615384615 0.09134615384615384 0.21394230769230768
5 0.7848557692307693 0.4230769230769231 0.07692307692307693 0.13701923076923078
3 0.7572115384615384 0.7728365384615384 0.07211538461538461 0.12259615384615384
3 0.6754807692307693 0.33413461538461536 0.055288461538461536 0.11298076923076923
3 0.5012019230769231 0.2620192307692308 0.055288461538461536 0.1201923076923077
3 0.5504807692307693 0.6634615384615384 0.06490384615384616 0.12740384615384615
3 0.6081730769230769 0.5324519230769231 0.0625 0.11778846153846154
3 0.4735576923076923 0.17067307692307693 0.057692307692307696 0.11538461538461539
5 0.5480769230769231 0.08052884615384616 0.0625 0.12740384615384615
0 0.5805288461538461 0.15264423076923078 0.06009615384615385 0.15144230769230768
0 0.35336538461538464 0.5456730769230769 0.08653846153846154 0.15144230769230768
2 0.3425480769230769 0.3293269230769231 0.0673076923076923 0.13701923076923078
2 0.2548076923076923 0.8040865384615384 0.09134615384615384 0.15625
5 0.1778846153846154 0.1045673076923077 0.0673076923076923 0.13221153846153846
4 0.3269230769230769 0.15865384615384615 0.07932692307692307 0.17548076923076922
1 0.15865384615384615 0.42427884615384615 0.10336538461538461 0.21634615384615385
0 0.16706730769230768 0.16706730769230768 0.06971153846153846 0.14903846153846154
0 0.35336538461538464 0.4362980769230769 0.07451923076923077 0.14903846153846154
3 0.3918269230769231 0.09254807692307693 0.055288461538461536 0.10817307692307693
3 0.4026442307692308 0.24879807692307693 0.06009615384615385 0.11538461538461539
3 0.25600961538461536 0.17668269230769232 0.057692307692307696 0.11298076923076923
3 0.25240384615384615 0.3485576923076923 0.0625 0.1201923076923077
3 0.25841346153846156 0.4495192307692308 0.0673076923076923 0.11538461538461539
3 0.25600961538461536 0.6754807692307693 0.07211538461538461 0.12259615384615384