4 0.5204326923076923 0.40625 0.07692307692307693 0.1875
1 0.7884615384615384 0.2800480769230769 0.0889423076923077 0.22355769230769232
5 0.8040865384615384 0.42908653846153844 0.07932692307692307 0.14423076923076922
3 0.7487980769230769 0.796875 0.07211538461538461 0.12740384615384615
3 0.6959134615384616 0.328125 0.055288461538461536 0.11778846153846154
3 0.5168269230769231 0.23677884615384615 0.052884615384615384 0.125
3 0.5396634615384616 0.6670673076923077 0.06490384615384616 0.13221153846153846
3 0.609375 0.5324519230769231 0.0625 0.12259615384615384
3 0.49278846153846156 0.13942307692307693 0.055288461538461536 0.1201923076923077
5 0.5793269230769231 0.05889423076923077 0.06009615384615385 0.11538461538461539
0 0.6069711538461539 0.12980769230769232 0.06009615384615385 0.15865384615384615
0 0.3389423076923077 0.5276442307692307 0.08653846153846154 0.15625
2 0.34375 0.2980769230769231 0.0673076923076923 0.14182692307692307
2 0.21514423076923078 0.7932692307692307 0.09134615384615384 0.16346153846153846
5 0.18629807692307693 0.05889423076923077 0.06971153846153846 0.11778846153846154
4 0.3401442307692308 0.11658653846153846 0.07692307692307693 0.18509615384615385
1 0.14182692307692307 0.38461538461538464 0.10096153846153846 0.2283653846153846
0 0.17067307692307693 0.11298076923076923 0.06971153846153846 0.15384615384615385
0 0.3473557692307692 0.41225961538461536 0.07211538461538461 0.15625
3 0.41346153846153844 0.054086538461538464 0.057692307692307696 0.10817307692307693
3 0.41346153846153844 0.21754807692307693 0.06009615384615385 0.1201923076923077
3 0.2620192307692308 0.1310096153846154 0.057692307692307696 0.11778846153846154
3 0.24639423076923078 0.3112980769230769 0.06009615384615385 0.125
3 0.2439903846153846 0.4182692307692308 0.0673076923076923 0.1201923076923077
3 0.22716346153846154 0.6574519230769231 0.06971153846153846 0.12740384615384615