4 0.5132211538461539 0.4170673076923077 0.07932692307692307 0.1875
1 0.7728365384615384 0.2764423076923077 0.09134615384615384 0.22355769230769232
5 0.796875 0.4230769230769231 0.07932692307692307 0.14423076923076922
3 0.7608173076923077 0.7920673076923077 0.07211538461538461 0.12740384615384615
3 0.6814903846153846 0.3293269230769231 0.057692307692307696 0.11778846153846154
3 0.5 0.24879807692307693 0.055288461538461536 0.125
3 0.5444711538461539 0.6730769230769231 0.0673076923076923 0.13221153846153846
3 0.6069711538461539 0.5360576923076923 0.06490384615384616 0.125
3 0.4723557692307692 0.15144230769230768 0.057692307692307696 0.1201923076923077
5 0.5540865384615384 0.06370192307692307 0.06490384615384616 0.12740384615384615
0 0.5853365384615384 0.13581730769230768 0.06009615384615385 0.15865384615384615
0 0.3389423076923077 0.5456730769230769 0.0889423076923077 0.15865384615384615
2 0.3317307692307692 0.3161057692307692 0.06971153846153846 0.14423076923076922
2 0.22956730769230768 0.8161057692307693 0.09375 0.16346153846153846
5 0.16346153846153846 0.07932692307692307 0.06971153846153846 0.1346153846153846
4 0.3173076923076923 0.13701923076923078 0.07932692307692307 0.18509615384615385
1 0.13581730769230768 0.41466346153846156 0.10336538461538461 0.22596153846153846
0 0.1502403846153846 0.14302884615384615 0.07211538461538461 0.15384615384615385
0 0.34134615384615385 0.43149038461538464 0.07451923076923077 0.15625
3 0.38822115384615385 0.06850961538461539 0.055288461538461536 0.11057692307692307
3 0.39663461538461536 0.23317307692307693 0.0625 0.1201923076923077
3 0.24278846153846154 0.15504807692307693 0.06009615384615385 0.11778846153846154
3 0.23557692307692307 0.33653846153846156 0.0625 0.125
3 0.23918269230769232 0.44350961538461536 0.0673076923076923 0.1201923076923077
3 0.234375 0.6814903846153846 0.07211538461538461 0.12740384615384615