5 0.12620192307692307 0.09375 0.07451923076923077 0.1201923076923077
1 0.1141826923076923 0.3173076923076923 0.11298076923076923 0.22355769230769232
0 0.11658653846153846 0.1466346153846154 0.07932692307692307 0.16105769230769232
4 0.28846153846153844 0.12620192307692307 0.09375 0.20192307692307693
2 0.24158653846153846 0.8245192307692307 0.10817307692307693 0.1778846153846154
3 0.2127403846153846 0.15504807692307693 0.0673076923076923 0.125
3 0.21634615384615385 0.3401442307692308 0.06490384615384616 0.12259615384615384
3 0.2283653846153846 0.44711538461538464 0.07211538461538461 0.12740384615384615
3 0.34615384615384615 0.5685096153846154 0.07692307692307693 0.125
1 0.7596153846153846 0.24158653846153846 0.11538461538461539 0.2283653846153846
0 0.5576923076923077 0.11057692307692307 0.07451923076923077 0.16826923076923078
5 0.5240384615384616 0.054086538461538464 0.07692307692307693 0.10817307692307693
5 0.48677884615384615 0.3173076923076923 0.07932692307692307 0.14903846153846154
2 0.23677884615384615 0.6670673076923077 0.0985576923076923 0.18509615384615385
2 0.3245192307692308 0.4362980769230769 0.08653846153846154 0.16826923076923078
3 0.3737980769230769 0.15625 0.06490384615384616 0.1201923076923077
3 0.671875 0.2980769230769231 0.0625 0.125
3 0.5492788461538461 0.8100961538461539 0.07451923076923077 0.13221153846153846
3 0.5576923076923077 0.6586538461538461 0.07211538461538461 0.12980769230769232
3 0.6117788461538461 0.515625 0.07211538461538461 0.13221153846153846