5 0.14543269230769232 0.10336538461538461 0.07211538461538461 0.13701923076923078
1 0.12740384615384615 0.33413461538461536 0.10576923076923077 0.22115384615384615
0 0.13581730769230768 0.16466346153846154 0.07211538461538461 0.15865384615384615
4 0.30649038461538464 0.1502403846153846 0.0889423076923077 0.19951923076923078
2 0.23557692307692307 0.84375 0.10336538461538461 0.17307692307692307
3 0.23076923076923078 0.1778846153846154 0.0625 0.12259615384615384
3 0.22716346153846154 0.36177884615384615 0.0625 0.1201923076923077
3 0.23677884615384615 0.46875 0.0673076923076923 0.125
3 0.3485576923076923 0.59375 0.07211538461538461 0.12259615384615384
1 0.7704326923076923 0.2824519230769231 0.10817307692307693 0.22355769230769232
0 0.5769230769230769 0.1466346153846154 0.0673076923076923 0.16346153846153846
5 0.5420673076923077 0.06971153846153846 0.06971153846153846 0.13942307692307693
5 0.4963942307692308 0.3485576923076923 0.07451923076923077 0.1466346153846154
2 0.23677884615384615 0.6875 0.09134615384615384 0.18028846153846154
2 0.33052884615384615 0.46153846153846156 0.07932692307692307 0.1658653846153846
3 0.3894230769230769 0.18509615384615385 0.0625 0.11778846153846154
3 0.6826923076923077 0.33533653846153844 0.057692307692307696 0.12259615384615384
3 0.5432692307692307 0.8401442307692307 0.06971153846153846 0.12980769230769232
3 0.5552884615384616 0.6899038461538461 0.0673076923076923 0.12740384615384615
3 0.6141826923076923 0.5492788461538461 0.0673076923076923 0.12980769230769232