5 0.23197115384615385 0.06370192307692307 0.07451923076923077 0.12740384615384615
1 0.1778846153846154 0.2764423076923077 0.10576923076923077 0.21394230769230768
0 0.2127403846153846 0.11658653846153846 0.07211538461538461 0.15384615384615385
4 0.37740384615384615 0.12860576923076922 0.08653846153846154 0.19230769230769232
2 0.20552884615384615 0.7776442307692307 0.10096153846153846 0.16826923076923078
3 0.29927884615384615 0.14302884615384615 0.0625 0.11778846153846154
3 0.2704326923076923 0.3173076923076923 0.06009615384615385 0.11538461538461539
3 0.2608173076923077 0.41947115384615385 0.0673076923076923 0.1201923076923077
3 0.34975961538461536 0.5552884615384616 0.07211538461538461 0.1201923076923077
1 0.7980769230769231 0.3233173076923077 0.10576923076923077 0.21634615384615385
0 0.6334134615384616 0.1658653846153846 0.06971153846153846 0.15865384615384615
5 0.6129807692307693 0.08173076923076923 0.0673076923076923 0.14182692307692307
5 0.5276442307692307 0.34615384615384615 0.07451923076923077 0.14182692307692307
2 0.22956730769230768 0.6286057692307693 0.09134615384615384 0.17548076923076922
2 0.35336538461538464 0.42788461538461536 0.07932692307692307 0.16105769230769232
3 0.45072115384615385 0.17307692307692307 0.06009615384615385 0.11538461538461539
3 0.7055288461538461 0.3605769230769231 0.057692307692307696 0.1201923076923077
3 0.49759615384615385 0.8209134615384616 0.06971153846153846 0.125
3 0.53125 0.6790865384615384 0.0673076923076923 0.12259615384615384
3 0.6081730769230769 0.5552884615384616 0.0673076923076923 0.125