4 0.59375 0.2776442307692308 0.08413461538461539 0.18990384615384615
2 0.43028846153846156 0.39302884615384615 0.07932692307692307 0.15144230769230768
0 0.43149038461538464 0.6045673076923077 0.07692307692307693 0.16105769230769232
4 0.3425480769230769 0.28125 0.07451923076923077 0.1875
2 0.14182692307692307 0.6045673076923077 0.08173076923076923 0.17307692307692307
1 0.2439903846153846 0.36538461538461536 0.08653846153846154 0.2091346153846154
5 0.17427884615384615 0.052884615384615384 0.0673076923076923 0.09375
5 0.23798076923076922 0.7572115384615384 0.0889423076923077 0.14903846153846154
3 0.24158653846153846 0.6213942307692307 0.0673076923076923 0.11538461538461539
3 0.2620192307692308 0.20432692307692307 0.0625 0.11057692307692307
3 0.25721153846153844 0.04927884615384615 0.0625 0.09134615384615384
3 0.4230769230769231 0.2932692307692308 0.05048076923076923 0.10817307692307693
3 0.4423076923076923 0.7475961538461539 0.06971153846153846 0.125
3 0.5024038461538461 0.04927884615384615 0.06009615384615385 0.0985576923076923
3 0.6742788461538461 0.21394230769230768 0.06009615384615385 0.11538461538461539
3 0.6550480769230769 0.12259615384615384 0.055288461538461536 0.10817307692307693
3 0.5060096153846154 0.28966346153846156 0.06009615384615385 0.11057692307692307
3 0.6189903846153846 0.5012019230769231 0.06490384615384616 0.125
3 0.6971153846153846 0.3954326923076923 0.057692307692307696 0.1201923076923077
1 0.7932692307692307 0.3545673076923077 0.0889423076923077 0.21875
5 0.8509615384615384 0.7391826923076923 0.09134615384615384 0.15384615384615385