4 0.6021634615384616 0.2644230769230769 0.09134615384615384 0.18990384615384615
2 0.4483173076923077 0.3858173076923077 0.08413461538461539 0.14903846153846154
0 0.4579326923076923 0.59375 0.08173076923076923 0.15865384615384615
4 0.3557692307692308 0.28125 0.08173076923076923 0.18509615384615385
2 0.1778846153846154 0.6069711538461539 0.0889423076923077 0.17307692307692307
1 0.2644230769230769 0.36778846153846156 0.09615384615384616 0.2091346153846154
5 0.18028846153846154 0.0673076923076923 0.07451923076923077 0.09615384615384616
5 0.2776442307692308 0.7512019230769231 0.09615384615384616 0.14903846153846154
3 0.27403846153846156 0.6177884615384616 0.07211538461538461 0.11538461538461539
3 0.27403846153846156 0.21153846153846154 0.0673076923076923 0.11298076923076923
3 0.2608173076923077 0.06009615384615385 0.06490384615384616 0.09134615384615384
3 0.4362980769230769 0.28846153846153844 0.055288461538461536 0.10817307692307693
3 0.47596153846153844 0.7319711538461539 0.07451923076923077 0.125
3 0.5012019230769231 0.04927884615384615 0.06490384615384616 0.0985576923076923
3 0.6766826923076923 0.19831730769230768 0.06490384615384616 0.11538461538461539
3 0.6538461538461539 0.109375 0.06009615384615385 0.10817307692307693
3 0.515625 0.2824519230769231 0.06490384615384616 0.11298076923076923
3 0.6370192307692307 0.4831730769230769 0.0673076923076923 0.125
3 0.7079326923076923 0.375 0.0625 0.1201923076923077
1 0.8004807692307693 0.3293269230769231 0.0985576923076923 0.21634615384615385
5 0.8762019230769231 0.703125 0.09615384615384616 0.15384615384615385