4 0.625 0.296875 0.09134615384615384 0.1875
2 0.4579326923076923 0.39302884615384615 0.08413461538461539 0.14903846153846154
0 0.43509615384615385 0.5961538461538461 0.08413461538461539 0.15865384615384615
4 0.38341346153846156 0.2776442307692308 0.08413461538461539 0.18269230769230768
2 0.15865384615384615 0.5661057692307693 0.0889423076923077 0.17067307692307693
1 0.2800480769230769 0.3473557692307692 0.0985576923076923 0.20673076923076922
5 0.24639423076923078 0.04447115384615385 0.07451923076923077 0.0889423076923077
5 0.23557692307692307 0.7235576923076923 0.09615384615384616 0.14903846153846154
3 0.2512019230769231 0.5925480769230769 0.07211538461538461 0.11538461538461539
3 0.3137019230769231 0.19471153846153846 0.0673076923076923 0.11057692307692307
3 0.32572115384615385 0.04567307692307692 0.06971153846153846 0.09134615384615384
3 0.45913461538461536 0.2956730769230769 0.055288461538461536 0.10817307692307693
3 0.43149038461538464 0.734375 0.07451923076923077 0.125
3 0.5612980769230769 0.06490384615384616 0.06490384615384616 0.10817307692307693
3 0.7079326923076923 0.24519230769230768 0.06490384615384616 0.11538461538461539
3 0.6995192307692307 0.15504807692307693 0.06009615384615385 0.10817307692307693
3 0.5384615384615384 0.3016826923076923 0.06490384615384616 0.11057692307692307
3 0.6262019230769231 0.515625 0.06971153846153846 0.12259615384615384
3 0.7115384615384616 0.421875 0.06490384615384616 0.1201923076923077
1 0.8076923076923077 0.39302884615384615 0.0985576923076923 0.21394230769230768
5 0.8245192307692307 0.7668269230769231 0.09615384615384616 0.15144230769230768