5 0.8701923076923077 0.7163461538461539 0.08653846153846154 0.14423076923076922
5 0.6706730769230769 0.7103365384615384 0.07451923076923077 0.14423076923076922
1 0.7463942307692307 0.5805288461538461 0.0985576923076923 0.20192307692307693
4 0.6045673076923077 0.2848557692307692 0.07692307692307693 0.1778846153846154
3 0.7079326923076923 0.390625 0.0625 0.11538461538461539
3 0.6778846153846154 0.21754807692307693 0.057692307692307696 0.11298076923076923
3 0.640625 0.49399038461538464 0.055288461538461536 0.11298076923076923
2 0.45072115384615385 0.390625 0.07451923076923077 0.13942307692307693
3 0.5216346153846154 0.2932692307692308 0.05048076923076923 0.10336538461538461
2 0.5036057692307693 0.12740384615384615 0.06490384615384616 0.13942307692307693
2 0.47836538461538464 0.7271634615384616 0.07692307692307693 0.15625
0 0.46274038461538464 0.5973557692307693 0.06490384615384616 0.14423076923076922
4 0.36778846153846156 0.29086538461538464 0.07211538461538461 0.18028846153846154
1 0.27884615384615385 0.37259615384615385 0.08173076923076923 0.20673076923076922
5 0.20072115384615385 0.06850961538461539 0.052884615384615384 0.10096153846153846
3 0.4423076923076923 0.29927884615384615 0.055288461538461536 0.10576923076923077
3 0.27524038461538464 0.0625 0.057692307692307696 0.0985576923076923
3 0.28725961538461536 0.21875 0.057692307692307696 0.10817307692307693
3 0.28365384615384615 0.6165865384615384 0.06971153846153846 0.11538461538461539