5 0.890625 0.7800480769230769 0.08173076923076923 0.1466346153846154
5 0.6802884615384616 0.7584134615384616 0.06971153846153846 0.14903846153846154
1 0.7704326923076923 0.6262019230769231 0.09134615384615384 0.20673076923076922
4 0.640625 0.30288461538461536 0.0673076923076923 0.18269230769230768
3 0.7439903846153846 0.4230769230769231 0.057692307692307696 0.1201923076923077
3 0.7247596153846154 0.23677884615384615 0.052884615384615384 0.11538461538461539
3 0.6646634615384616 0.5276442307692307 0.05048076923076923 0.11538461538461539
2 0.4699519230769231 0.4026442307692308 0.0673076923076923 0.14423076923076922
3 0.5528846153846154 0.30649038461538464 0.04807692307692308 0.10576923076923077
2 0.5480769230769231 0.12980769230769232 0.057692307692307696 0.14423076923076922
2 0.47596153846153844 0.7620192307692307 0.07211538461538461 0.16105769230769232
0 0.46875 0.6237980769230769 0.057692307692307696 0.14903846153846154
4 0.3894230769230769 0.2920673076923077 0.0625 0.1875
1 0.29086538461538464 0.3713942307692308 0.07211538461538461 0.21634615384615385
5 0.23197115384615385 0.04927884615384615 0.05048076923076923 0.09615384615384616
3 0.4699519230769231 0.30649038461538464 0.05048076923076923 0.10817307692307693
3 0.31009615384615385 0.04807692307692308 0.052884615384615384 0.09615384615384616
3 0.3112980769230769 0.21033653846153846 0.052884615384615384 0.11057692307692307
3 0.27884615384615385 0.6298076923076923 0.06490384615384616 0.11778846153846154