5 0.8641826923076923 0.7475961538461539 0.08413461538461539 0.14423076923076922
5 0.6598557692307693 0.7319711538461539 0.07211538461538461 0.14423076923076922
1 0.7415865384615384 0.6021634615384616 0.09375 0.20432692307692307
4 0.6057692307692307 0.2932692307692308 0.07211538461538461 0.18028846153846154
3 0.7091346153846154 0.4074519230769231 0.06009615384615385 0.11778846153846154
3 0.6838942307692307 0.2283653846153846 0.055288461538461536 0.11538461538461539
3 0.6370192307692307 0.5096153846153846 0.052884615384615384 0.11538461538461539
2 0.44471153846153844 0.39663461538461536 0.07211538461538461 0.14182692307692307
3 0.5216346153846154 0.29927884615384615 0.05048076923076923 0.10576923076923077
2 0.5096153846153846 0.12980769230769232 0.0625 0.14182692307692307
2 0.46274038461538464 0.7427884615384616 0.07451923076923077 0.15865384615384615
0 0.4495192307692308 0.6105769230769231 0.0625 0.1466346153846154
4 0.3629807692307692 0.2932692307692308 0.0673076923076923 0.18269230769230768
1 0.2692307692307692 0.37259615384615385 0.07692307692307693 0.21153846153846154
5 0.20192307692307693 0.06009615384615385 0.052884615384615384 0.10336538461538461
3 0.43990384615384615 0.30408653846153844 0.052884615384615384 0.10576923076923077
3 0.2776442307692308 0.056490384615384616 0.055288461538461536 0.10096153846153846
3 0.2848557692307692 0.21514423076923078 0.055288461538461536 0.11057692307692307
3 0.2668269230769231 0.6225961538461539 0.0673076923076923 0.11538461538461539