4 0.20432692307692307 0.22716346153846154 0.08413461538461539 0.18269230769230768
1 0.17668269230769232 0.3161057692307692 0.09134615384615384 0.20673076923076922
2 0.3954326923076923 0.15985576923076922 0.07211538461538461 0.14903846153846154
2 0.14903846153846154 0.5612980769230769 0.08173076923076923 0.15384615384615385
5 0.22956730769230768 0.7163461538461539 0.07692307692307693 0.14423076923076922
5 0.24278846153846154 0.028846153846153848 0.0673076923076923 0.057692307692307696
0 0.15264423076923078 0.44350961538461536 0.07692307692307693 0.15144230769230768
0 0.40625 0.03485576923076923 0.0625 0.06971153846153846
3 0.46033653846153844 0.27163461538461536 0.05048076923076923 0.10096153846153846
3 0.4675480769230769 0.10697115384615384 0.04807692307692308 0.10336538461538461
3 0.3245192307692308 0.03125 0.052884615384615384 0.0625
3 0.30649038461538464 0.17908653846153846 0.055288461538461536 0.10576923076923077
3 0.28125 0.375 0.06490384615384616 0.10576923076923077
3 0.26322115384615385 0.4795673076923077 0.057692307692307696 0.11298076923076923
3 0.25240384615384615 0.5853365384615384 0.0625 0.11778846153846154
3 0.43149038461538464 0.7283653846153846 0.06490384615384616 0.11778846153846154
2 0.6370192307692307 0.11177884615384616 0.057692307692307696 0.14182692307692307
2 0.4567307692307692 0.3713942307692308 0.07451923076923077 0.15144230769230768
4 0.828125 0.29447115384615385 0.07932692307692307 0.15865384615384615
1 0.8245192307692307 0.3762019230769231 0.09375 0.19951923076923078
5 0.6394230769230769 0.056490384615384616 0.055288461538461536 0.09375
5 0.84375 0.7668269230769231 0.08653846153846154 0.14182692307692307
0 0.7992788461538461 0.2091346153846154 0.055288461538461536 0.14182692307692307
0 0.7175480769230769 0.6262019230769231 0.07211538461538461 0.14903846153846154
3 0.7235576923076923 0.5168269230769231 0.06490384615384616 0.10576923076923077
3 0.7235576923076923 0.40625 0.0625 0.11298076923076923
3 0.6201923076923077 0.6225961538461539 0.0625 0.11298076923076923
3 0.6358173076923077 0.7548076923076923 0.0625 0.11538461538461539
3 0.7151442307692307 0.22235576923076922 0.057692307692307696 0.10336538461538461
3 0.7115384615384616 0.1346153846153846 0.05048076923076923 0.10576923076923077
3 0.5685096153846154 0.04807692307692308 0.05048076923076923 0.0889423076923077
3 0.5444711538461539 0.28365384615384615 0.052884615384615384 0.11057692307692307