4 0.17668269230769232 0.22956730769230768 0.08413461538461539 0.18509615384615385
1 0.14903846153846154 0.31971153846153844 0.09134615384615384 0.20673076923076922
2 0.36899038461538464 0.1622596153846154 0.07451923076923077 0.14903846153846154
2 0.12139423076923077 0.5661057692307693 0.08173076923076923 0.15625
5 0.20192307692307693 0.7211538461538461 0.07692307692307693 0.1466346153846154
5 0.21634615384615385 0.028846153846153848 0.0673076923076923 0.057692307692307696
0 0.125 0.44711538461538464 0.07692307692307693 0.15144230769230768
0 0.3786057692307692 0.036057692307692304 0.06490384615384616 0.07211538461538461
3 0.43509615384615385 0.27524038461538464 0.05048076923076923 0.10096153846153846
3 0.4411057692307692 0.11057692307692307 0.04807692307692308 0.10336538461538461
3 0.2980769230769231 0.03245192307692308 0.052884615384615384 0.06490384615384616
3 0.2776442307692308 0.1814903846153846 0.055288461538461536 0.10576923076923077
3 0.2548076923076923 0.3786057692307692 0.06490384615384616 0.10576923076923077
3 0.234375 0.4831730769230769 0.057692307692307696 0.11298076923076923
3 0.2247596153846154 0.5901442307692307 0.0625 0.1201923076923077
3 0.40625 0.7331730769230769 0.06490384615384616 0.11778846153846154
2 0.6105769230769231 0.11298076923076923 0.057692307692307696 0.14182692307692307
2 0.43028846153846156 0.3762019230769231 0.07451923076923077 0.15144230769230768
4 0.8040865384615384 0.296875 0.08173076923076923 0.16105769230769232
1 0.7992788461538461 0.3786057692307692 0.09375 0.20192307692307693
5 0.6153846153846154 0.056490384615384616 0.057692307692307696 0.10096153846153846
5 0.8185096153846154 0.7716346153846154 0.08653846153846154 0.14182692307692307
0 0.7740384615384616 0.21153846153846154 0.055288461538461536 0.14182692307692307
0 0.6923076923076923 0.6310096153846154 0.07451923076923077 0.15144230769230768
3 0.6995192307692307 0.5216346153846154 0.06490384615384616 0.10576923076923077
3 0.6971153846153846 0.4098557692307692 0.0625 0.11538461538461539
3 0.5949519230769231 0.6274038461538461 0.0625 0.11298076923076923
3 0.6105769230769231 0.7596153846153846 0.0625 0.11538461538461539
3 0.6911057692307693 0.2247596153846154 0.057692307692307696 0.10336538461538461
3 0.6875 0.13701923076923078 0.05048076923076923 0.10817307692307693
3 0.5432692307692307 0.046875 0.05048076923076923 0.09134615384615384
3 0.5192307692307693 0.2860576923076923 0.052884615384615384 0.11057692307692307