4 0.18870192307692307 0.2620192307692308 0.08413461538461539 0.18269230769230768
1 0.1622596153846154 0.35216346153846156 0.09134615384615384 0.20673076923076922
2 0.38100961538461536 0.19471153846153846 0.07211538461538461 0.14903846153846154
2 0.1346153846153846 0.5973557692307693 0.08173076923076923 0.15384615384615385
5 0.21514423076923078 0.7512019230769231 0.07692307692307693 0.14423076923076922
5 0.22956730769230768 0.04567307692307692 0.06971153846153846 0.09134615384615384
0 0.13701923076923078 0.4795673076923077 0.07692307692307693 0.15144230769230768
0 0.3918269230769231 0.051682692307692304 0.0625 0.10336538461538461
3 0.44711538461538464 0.3076923076923077 0.05048076923076923 0.10096153846153846
3 0.453125 0.14302884615384615 0.04807692307692308 0.10336538461538461
3 0.3112980769230769 0.04927884615384615 0.055288461538461536 0.0985576923076923
3 0.29086538461538464 0.21514423076923078 0.055288461538461536 0.10576923076923077
3 0.2668269230769231 0.4098557692307692 0.06490384615384616 0.10576923076923077
3 0.24759615384615385 0.515625 0.057692307692307696 0.11298076923076923
3 0.23677884615384615 0.6213942307692307 0.0625 0.11778846153846154
3 0.4182692307692308 0.7632211538461539 0.06490384615384616 0.11778846153846154
2 0.6213942307692307 0.1466346153846154 0.057692307692307696 0.14182692307692307
2 0.4423076923076923 0.40625 0.07451923076923077 0.15144230769230768
4 0.8125 0.3293269230769231 0.07932692307692307 0.15865384615384615
1 0.8088942307692307 0.4110576923076923 0.09375 0.19951923076923078
5 0.625 0.07572115384615384 0.057692307692307696 0.125
5 0.828125 0.8016826923076923 0.08653846153846154 0.14182692307692307
0 0.7836538461538461 0.2439903846153846 0.055288461538461536 0.14182692307692307
0 0.703125 0.6610576923076923 0.07211538461538461 0.14903846153846154
3 0.7091346153846154 0.5516826923076923 0.06490384615384616 0.10576923076923077
3 0.7079326923076923 0.4423076923076923 0.0625 0.11298076923076923
3 0.6057692307692307 0.6586538461538461 0.0625 0.11298076923076923
3 0.6201923076923077 0.7896634615384616 0.0625 0.11538461538461539
3 0.6995192307692307 0.25721153846153844 0.057692307692307696 0.10336538461538461
3 0.6959134615384616 0.17067307692307693 0.05048076923076923 0.10576923076923077
3 0.5540865384615384 0.0733173076923077 0.05048076923076923 0.10336538461538461
3 0.5288461538461539 0.31850961538461536 0.052884615384615384 0.11057692307692307