1 0.7115384615384616 0.6586538461538461 0.09375 0.20673076923076922
5 0.8257211538461539 0.8149038461538461 0.08173076923076923 0.14423076923076922
5 0.6189903846153846 0.7896634615384616 0.08173076923076923 0.14423076923076922
3 0.6959134615384616 0.26802884615384615 0.06009615384615385 0.10817307692307693
3 0.6189903846153846 0.5564903846153846 0.0625 0.10576923076923077
4 0.6081730769230769 0.3293269230769231 0.07932692307692307 0.18028846153846154
2 0.43990384615384615 0.42908653846153844 0.07692307692307693 0.1466346153846154
3 0.5216346153846154 0.33774038461538464 0.052884615384615384 0.10576923076923077
4 0.36538461538461536 0.31850961538461536 0.08173076923076923 0.1778846153846154
1 0.2620192307692308 0.39663461538461536 0.08653846153846154 0.20432692307692307
5 0.18990384615384615 0.21995192307692307 0.07451923076923077 0.13221153846153846
3 0.4411057692307692 0.3329326923076923 0.055288461538461536 0.10336538461538461
3 0.3786057692307692 0.1658653846153846 0.06009615384615385 0.11298076923076923
3 0.30288461538461536 0.06370192307692307 0.055288461538461536 0.10817307692307693
3 0.234375 0.6502403846153846 0.0673076923076923 0.125