1 0.7127403846153846 0.6262019230769231 0.08173076923076923 0.2091346153846154
5 0.8485576923076923 0.7752403846153846 0.07692307692307693 0.14423076923076922
5 0.6334134615384616 0.7716346153846154 0.07451923076923077 0.14423076923076922
3 0.6550480769230769 0.22596153846153846 0.052884615384615384 0.10817307692307693
3 0.6057692307692307 0.5300480769230769 0.057692307692307696 0.10576923076923077
4 0.5709134615384616 0.29927884615384615 0.06971153846153846 0.18269230769230768
2 0.4074519230769231 0.41947115384615385 0.06971153846153846 0.1466346153846154
3 0.48197115384615385 0.3161057692307692 0.04807692307692308 0.10576923076923077
4 0.31850961538461536 0.3125 0.07211538461538461 0.18028846153846154
1 0.22115384615384615 0.4050480769230769 0.07451923076923077 0.2091346153846154
5 0.12740384615384615 0.22956730769230768 0.0673076923076923 0.13221153846153846
3 0.39783653846153844 0.31971153846153844 0.05048076923076923 0.10576923076923077
3 0.3161057692307692 0.15504807692307693 0.052884615384615384 0.11298076923076923
3 0.2283653846153846 0.05889423076923077 0.05048076923076923 0.10817307692307693
3 0.21995192307692307 0.6706730769230769 0.0625 0.125