1 0.7271634615384616 0.6346153846153846 0.07692307692307693 0.19951923076923078
5 0.8569711538461539 0.7764423076923077 0.07211538461538461 0.13701923076923078
5 0.6514423076923077 0.7728365384615384 0.06971153846153846 0.13701923076923078
3 0.671875 0.2512019230769231 0.05048076923076923 0.10336538461538461
3 0.6262019230769231 0.5432692307692307 0.055288461538461536 0.10096153846153846
4 0.5913461538461539 0.3233173076923077 0.0673076923076923 0.17307692307692307
2 0.4362980769230769 0.4375 0.06490384615384616 0.14182692307692307
3 0.5084134615384616 0.3389423076923077 0.04567307692307692 0.10096153846153846
4 0.35216346153846156 0.33533653846153844 0.06971153846153846 0.17067307692307693
1 0.25841346153846156 0.42427884615384615 0.07211538461538461 0.1971153846153846
5 0.16826923076923078 0.25721153846153844 0.06490384615384616 0.12740384615384615
3 0.42788461538461536 0.3425480769230769 0.04807692307692308 0.10096153846153846
3 0.3485576923076923 0.18389423076923078 0.05048076923076923 0.10817307692307693
3 0.2644230769230769 0.09254807692307693 0.04807692307692308 0.10336538461538461
3 0.25841346153846156 0.6766826923076923 0.06009615384615385 0.1201923076923077