1 0.8052884615384616 0.28365384615384615 0.09134615384615384 0.21634615384615385
0 0.6322115384615384 0.12740384615384615 0.0625 0.16105769230769232
0 0.36778846153846156 0.5204326923076923 0.07451923076923077 0.15865384615384615
2 0.6225961538461539 0.3161057692307692 0.0673076923076923 0.15865384615384615
2 0.44711538461538464 0.7764423076923077 0.09134615384615384 0.17307692307692307
5 0.6069711538461539 0.06129807692307692 0.06009615384615385 0.11538461538461539
5 0.5408653846153846 0.4182692307692308 0.07451923076923077 0.1466346153846154
3 0.7584134615384616 0.7896634615384616 0.07692307692307693 0.13942307692307693
3 0.7139423076923077 0.3233173076923077 0.06009615384615385 0.11778846153846154
3 0.5180288461538461 0.14182692307692307 0.052884615384615384 0.11538461538461539
3 0.44350961538461536 0.1466346153846154 0.0625 0.11778846153846154
3 0.6298076923076923 0.5300480769230769 0.0625 0.125
3 0.5564903846153846 0.6586538461538461 0.06971153846153846 0.13221153846153846
1 0.16466346153846154 0.3737980769230769 0.09375 0.22355769230769232
2 0.2283653846153846 0.7752403846153846 0.08413461538461539 0.17067307692307693
4 0.36658653846153844 0.10817307692307693 0.07211538461538461 0.18990384615384615
5 0.21754807692307693 0.054086538461538464 0.06971153846153846 0.10817307692307693
0 0.36778846153846156 0.39783653846153844 0.07211538461538461 0.15625
0 0.20072115384615385 0.10576923076923077 0.06490384615384616 0.15625
3 0.43990384615384615 0.051682692307692304 0.0625 0.10336538461538461
3 0.29086538461538464 0.12860576923076922 0.057692307692307696 0.11538461538461539
3 0.2692307692307692 0.30288461538461536 0.057692307692307696 0.11538461538461539
3 0.265625 0.4098557692307692 0.0673076923076923 0.1201923076923077
3 0.24759615384615385 0.6490384615384616 0.07451923076923077 0.12740384615384615