1 0.765625 0.2956730769230769 0.08173076923076923 0.20432692307692307
0 0.5913461538461539 0.15504807692307693 0.055288461538461536 0.15144230769230768
0 0.3605769230769231 0.5432692307692307 0.06971153846153846 0.14903846153846154
2 0.59375 0.33653846153846156 0.06009615384615385 0.14903846153846154
2 0.4483173076923077 0.7824519230769231 0.08413461538461539 0.16346153846153846
5 0.5649038461538461 0.0829326923076923 0.055288461538461536 0.12740384615384615
5 0.5192307692307693 0.4375 0.0673076923076923 0.13942307692307693
3 0.7451923076923077 0.7788461538461539 0.07211538461538461 0.12980769230769232
3 0.6802884615384616 0.33774038461538464 0.055288461538461536 0.11057692307692307
3 0.484375 0.17548076923076922 0.04807692307692308 0.10817307692307693
3 0.41346153846153844 0.18269230769230768 0.057692307692307696 0.11057692307692307
3 0.6105769230769231 0.5372596153846154 0.057692307692307696 0.11778846153846154
3 0.546875 0.6646634615384616 0.06490384615384616 0.125
1 0.15985576923076922 0.41466346153846156 0.08653846153846154 0.21153846153846154
2 0.23918269230769232 0.7932692307692307 0.07932692307692307 0.16346153846153846
4 0.3389423076923077 0.1502403846153846 0.06490384615384616 0.18028846153846154
5 0.1935096153846154 0.09134615384615384 0.0625 0.125
0 0.35336538461538464 0.4266826923076923 0.06490384615384616 0.14903846153846154
0 0.18028846153846154 0.15625 0.06009615384615385 0.1466346153846154
3 0.40384615384615385 0.08653846153846154 0.055288461538461536 0.10576923076923077
3 0.2668269230769231 0.17307692307692307 0.052884615384615384 0.10817307692307693
3 0.2548076923076923 0.3425480769230769 0.052884615384615384 0.11057692307692307
3 0.25841346153846156 0.4423076923076923 0.0625 0.11298076923076923
3 0.2512019230769231 0.6706730769230769 0.0673076923076923 0.1201923076923077