1 0.7620192307692307 0.2536057692307692 0.10576923076923077 0.22355769230769232
0 0.5637019230769231 0.12139423076923077 0.07211538461538461 0.1658653846153846
0 0.3557692307692308 0.5528846153846154 0.08653846153846154 0.1658653846153846
2 0.5829326923076923 0.3112980769230769 0.07692307692307693 0.16346153846153846
2 0.47115384615384615 0.796875 0.10336538461538461 0.18028846153846154
5 0.5324519230769231 0.06009615384615385 0.07451923076923077 0.1201923076923077
5 0.515625 0.42427884615384615 0.08413461538461539 0.15384615384615385
3 0.7836538461538461 0.765625 0.08653846153846154 0.14423076923076922
3 0.6742788461538461 0.30649038461538464 0.06971153846153846 0.12259615384615384
3 0.453125 0.15264423076923078 0.06009615384615385 0.1201923076923077
3 0.3786057692307692 0.16706730769230768 0.06971153846153846 0.12259615384615384
3 0.6201923076923077 0.5240384615384616 0.07211538461538461 0.12980769230769232
3 0.5649038461538461 0.6634615384615384 0.08173076923076923 0.13942307692307693
1 0.13221153846153846 0.4338942307692308 0.11057692307692307 0.23076923076923078
2 0.2512019230769231 0.8269230769230769 0.0985576923076923 0.1778846153846154
4 0.296875 0.13942307692307693 0.08653846153846154 0.19471153846153846
5 0.13822115384615385 0.09735576923076923 0.07932692307692307 0.12980769230769232
0 0.33774038461538464 0.42908653846153844 0.08413461538461539 0.16346153846153846
0 0.1310096153846154 0.15985576923076922 0.07692307692307693 0.16105769230769232
3 0.3605769230769231 0.0673076923076923 0.0673076923076923 0.11538461538461539
3 0.22235576923076922 0.17067307692307693 0.06490384615384616 0.1201923076923077
3 0.22596153846153846 0.3485576923076923 0.0673076923076923 0.1201923076923077
3 0.23918269230769232 0.4543269230769231 0.07692307692307693 0.125
3 0.2536057692307692 0.6959134615384616 0.08413461538461539 0.1346153846153846