4 0.78125 0.27163461538461536 0.07451923076923077 0.16346153846153846
1 0.7956730769230769 0.3449519230769231 0.08413461538461539 0.18990384615384615
0 0.7463942307692307 0.18629807692307693 0.052884615384615384 0.12980769230769232
0 0.8161057692307693 0.4735576923076923 0.07211538461538461 0.13701923076923078
2 0.7331730769230769 0.10817307692307693 0.0625 0.12740384615384615
2 0.84375 0.5913461538461539 0.08173076923076923 0.13221153846153846
5 0.7283653846153846 0.05048076923076923 0.057692307692307696 0.10096153846153846
5 0.8653846153846154 0.7175480769230769 0.07932692307692307 0.1346153846153846
3 0.6466346153846154 0.046875 0.04807692307692308 0.09375
3 0.6550480769230769 0.125 0.04807692307692308 0.0985576923076923
3 0.6706730769230769 0.20793269230769232 0.04567307692307692 0.09615384615384616
3 0.6838942307692307 0.29086538461538464 0.04807692307692308 0.10096153846153846
3 0.7019230769230769 0.38461538461538464 0.052884615384615384 0.10096153846153846
3 0.7211538461538461 0.49038461538461536 0.052884615384615384 0.10336538461538461
3 0.7391826923076923 0.6009615384615384 0.06009615384615385 0.10817307692307693
3 0.7608173076923077 0.7199519230769231 0.057692307692307696 0.11778846153846154
4 0.17548076923076922 0.28846153846153844 0.07211538461538461 0.17307692307692307
1 0.1658653846153846 0.375 0.07692307692307693 0.19951923076923078
0 0.1778846153846154 0.20793269230769232 0.055288461538461536 0.13701923076923078
0 0.15865384615384615 0.5 0.06490384615384616 0.13701923076923078
2 0.18990384615384615 0.12980769230769232 0.06490384615384616 0.13221153846153846
2 0.171875 0.6177884615384616 0.07451923076923077 0.1466346153846154
5 0.1875 0.0625 0.055288461538461536 0.09615384615384616
5 0.15384615384615385 0.7644230769230769 0.07451923076923077 0.13942307692307693
3 0.265625 0.05889423076923077 0.04807692307692308 0.09615384615384616
3 0.265625 0.13942307692307693 0.04567307692307692 0.09375
3 0.26802884615384615 0.22596153846153846 0.04567307692307692 0.10096153846153846
3 0.26802884615384615 0.3112980769230769 0.05048076923076923 0.10096153846153846
3 0.27403846153846156 0.41346153846153844 0.05048076923076923 0.10096153846153846
3 0.26802884615384615 0.5204326923076923 0.052884615384615384 0.10576923076923077
3 0.27163461538461536 0.6262019230769231 0.055288461538461536 0.10817307692307693
3 0.2668269230769231 0.75 0.0625 0.11057692307692307