4 0.8112980769230769 0.30408653846153844 0.07211538461538461 0.1658653846153846
1 0.8209134615384616 0.38100961538461536 0.08173076923076923 0.19230769230769232
0 0.7800480769230769 0.21514423076923078 0.04807692307692308 0.13221153846153846
0 0.8329326923076923 0.5144230769230769 0.0673076923076923 0.13942307692307693
2 0.7728365384615384 0.13341346153846154 0.057692307692307696 0.12980769230769232
2 0.8521634615384616 0.6370192307692307 0.07932692307692307 0.1346153846153846
5 0.7728365384615384 0.06490384615384616 0.052884615384615384 0.11538461538461539
5 0.8641826923076923 0.7668269230769231 0.07692307692307693 0.13701923076923078
3 0.6875 0.06009615384615385 0.04326923076923077 0.10096153846153846
3 0.6911057692307693 0.14543269230769232 0.04567307692307692 0.0985576923076923
3 0.7019230769230769 0.23197115384615385 0.04326923076923077 0.0985576923076923
3 0.7103365384615384 0.3173076923076923 0.04567307692307692 0.10336538461538461
3 0.7211538461538461 0.41466346153846156 0.05048076923076923 0.10336538461538461
3 0.7331730769230769 0.5252403846153846 0.05048076923076923 0.10336538461538461
3 0.7439903846153846 0.6394230769230769 0.057692307692307696 0.10817307692307693
3 0.7572115384615384 0.7632211538461539 0.055288461538461536 0.11778846153846154
4 0.18870192307692307 0.2776442307692308 0.0673076923076923 0.17548076923076922
1 0.17307692307692307 0.36658653846153844 0.07211538461538461 0.20192307692307693
0 0.19591346153846154 0.1971153846153846 0.052884615384615384 0.13942307692307693
0 0.15625 0.49399038461538464 0.06009615384615385 0.13942307692307693
2 0.21514423076923078 0.11778846153846154 0.06009615384615385 0.13221153846153846
2 0.16105769230769232 0.6165865384615384 0.07211538461538461 0.1466346153846154
5 0.21995192307692307 0.04927884615384615 0.055288461538461536 0.0985576923076923
5 0.13341346153846154 0.765625 0.07211538461538461 0.14182692307692307
3 0.2980769230769231 0.04927884615384615 0.04807692307692308 0.0985576923076923
3 0.2920673076923077 0.13221153846153846 0.04567307692307692 0.09615384615384616
3 0.28846153846153844 0.22115384615384615 0.04326923076923077 0.10096153846153846
3 0.28125 0.3088942307692308 0.04807692307692308 0.10096153846153846
3 0.28125 0.41346153846153844 0.04807692307692308 0.10336538461538461
3 0.2668269230769231 0.5240384615384616 0.05048076923076923 0.10817307692307693
3 0.26322115384615385 0.6322115384615384 0.052884615384615384 0.10817307692307693
3 0.24879807692307693 0.7584134615384616 0.0625 0.11057692307692307