4 0.8040865384615384 0.2956730769230769 0.07932692307692307 0.17067307692307693
1 0.8100961538461539 0.3713942307692308 0.09134615384615384 0.19471153846153846
0 0.7800480769230769 0.20432692307692307 0.055288461538461536 0.1346153846153846
0 0.8149038461538461 0.5048076923076923 0.07451923076923077 0.14182692307692307
2 0.7752403846153846 0.12259615384615384 0.06490384615384616 0.13221153846153846
2 0.828125 0.6298076923076923 0.08653846153846154 0.13701923076923078
5 0.7800480769230769 0.06490384615384616 0.057692307692307696 0.09615384615384616
5 0.8341346153846154 0.7608173076923077 0.08413461538461539 0.13942307692307693
3 0.6935096153846154 0.054086538461538464 0.04807692307692308 0.08653846153846154
3 0.6935096153846154 0.12980769230769232 0.05048076923076923 0.10096153846153846
3 0.7007211538461539 0.21634615384615385 0.04807692307692308 0.10096153846153846
3 0.703125 0.30288461538461536 0.05048076923076923 0.10576923076923077
3 0.7091346153846154 0.40024038461538464 0.055288461538461536 0.10576923076923077
3 0.7163461538461539 0.5120192307692307 0.055288461538461536 0.10576923076923077
3 0.7199519230769231 0.6262019230769231 0.06490384615384616 0.11298076923076923
3 0.7271634615384616 0.75 0.0625 0.1201923076923077
4 0.18629807692307693 0.23557692307692307 0.07692307692307693 0.18028846153846154
1 0.16346153846153846 0.3245192307692308 0.08173076923076923 0.20432692307692307
0 0.1971153846153846 0.15504807692307693 0.06009615384615385 0.14182692307692307
0 0.140625 0.45072115384615385 0.0673076923076923 0.14182692307692307
2 0.21995192307692307 0.07692307692307693 0.0673076923076923 0.13701923076923078
2 0.13942307692307693 0.5721153846153846 0.07932692307692307 0.15144230769230768
5 0.2247596153846154 0.028846153846153848 0.055288461538461536 0.057692307692307696
5 0.10336538461538461 0.71875 0.07932692307692307 0.14423076923076922
3 0.30528846153846156 0.03245192307692308 0.052884615384615384 0.06490384615384616
3 0.2956730769230769 0.09495192307692307 0.05048076923076923 0.0985576923076923
3 0.28725961538461536 0.18389423076923078 0.04807692307692308 0.10336538461538461
3 0.2764423076923077 0.27163461538461536 0.052884615384615384 0.10336538461538461
3 0.2704326923076923 0.375 0.052884615384615384 0.10576923076923077
3 0.24879807692307693 0.484375 0.057692307692307696 0.11057692307692307
3 0.2403846153846154 0.5925480769230769 0.06009615384615385 0.11057692307692307
3 0.22115384615384615 0.7199519230769231 0.0673076923076923 0.11538461538461539