4 0.33052884615384615 0.12860576923076922 0.07932692307692307 0.1875
1 0.15384615384615385 0.30408653846153844 0.09134615384615384 0.21634615384615385
2 0.46634615384615385 0.640625 0.07692307692307693 0.17307692307692307
5 0.25 0.06610576923076923 0.06971153846153846 0.11057692307692307
5 0.41346153846153844 0.13942307692307693 0.0673076923076923 0.14182692307692307
0 0.44350961538461536 0.41947115384615385 0.0673076923076923 0.16105769230769232
3 0.25961538461538464 0.15745192307692307 0.055288461538461536 0.11778846153846154
3 0.2536057692307692 0.33413461538461536 0.06490384615384616 0.1201923076923077
3 0.34615384615384615 0.31850961538461536 0.0625 0.125
3 0.3641826923076923 0.5564903846153846 0.0673076923076923 0.12740384615384615
2 0.2512019230769231 0.6502403846153846 0.08173076923076923 0.17067307692307693
0 0.5012019230769231 0.2127403846153846 0.06490384615384616 0.15625
1 0.7788461538461539 0.2668269230769231 0.10096153846153846 0.22115384615384615
3 0.6899038461538461 0.3161057692307692 0.06009615384615385 0.11538461538461539
3 0.6225961538461539 0.5180288461538461 0.06009615384615385 0.12980769230769232
3 0.5600961538461539 0.6538461538461539 0.06971153846153846 0.125