4 0.3605769230769231 0.1346153846153846 0.08173076923076923 0.1875
1 0.16826923076923078 0.2848557692307692 0.09375 0.21394230769230768
2 0.4326923076923077 0.6514423076923077 0.07932692307692307 0.17067307692307693
5 0.28966346153846156 0.06009615384615385 0.07451923076923077 0.1201923076923077
5 0.4423076923076923 0.15625 0.0673076923076923 0.13942307692307693
0 0.4375 0.4326923076923077 0.06971153846153846 0.16105769230769232
3 0.28846153846153844 0.15504807692307693 0.057692307692307696 0.11538461538461539
3 0.2620192307692308 0.32572115384615385 0.06490384615384616 0.1201923076923077
3 0.35336538461538464 0.32211538461538464 0.0625 0.12259615384615384
3 0.3425480769230769 0.5576923076923077 0.0673076923076923 0.12740384615384615
2 0.22235576923076922 0.6358173076923077 0.08413461538461539 0.16826923076923078
0 0.5192307692307693 0.23798076923076922 0.06490384615384616 0.15384615384615385
1 0.7836538461538461 0.3233173076923077 0.10336538461538461 0.21875
3 0.6911057692307693 0.36177884615384615 0.0625 0.11298076923076923
3 0.5997596153846154 0.5504807692307693 0.0625 0.12740384615384615
3 0.5228365384615384 0.6754807692307693 0.06971153846153846 0.125