4 0.32091346153846156 0.15745192307692307 0.07932692307692307 0.18509615384615385
1 0.15264423076923078 0.3317307692307692 0.09134615384615384 0.21153846153846154
2 0.46274038461538464 0.6526442307692307 0.07692307692307693 0.16826923076923078
5 0.2403846153846154 0.08774038461538461 0.06971153846153846 0.12740384615384615
5 0.4026442307692308 0.16706730769230768 0.0673076923076923 0.13942307692307693
0 0.4362980769230769 0.43990384615384615 0.06971153846153846 0.15865384615384615
3 0.25240384615384615 0.18629807692307693 0.055288461538461536 0.11538461538461539
3 0.25 0.3581730769230769 0.06490384615384616 0.11778846153846154
3 0.3401442307692308 0.3425480769230769 0.0625 0.12259615384615384
3 0.36177884615384615 0.5733173076923077 0.0673076923076923 0.125
2 0.25240384615384615 0.6670673076923077 0.08173076923076923 0.16826923076923078
0 0.49038461538461536 0.23557692307692307 0.06490384615384616 0.15144230769230768
1 0.7608173076923077 0.2824519230769231 0.10096153846153846 0.21634615384615385
3 0.6754807692307693 0.3329326923076923 0.0625 0.11057692307692307
3 0.6117788461538461 0.53125 0.0625 0.12740384615384615
3 0.5540865384615384 0.6646634615384616 0.06971153846153846 0.125