1 0.8185096153846154 0.27163461538461536 0.10576923076923077 0.22596153846153846
5 0.6237980769230769 0.052884615384615384 0.07451923076923077 0.09134615384615384
0 0.5420673076923077 0.17908653846153846 0.07451923076923077 0.1658653846153846
3 0.453125 0.11177884615384616 0.0625 0.12980769230769232
3 0.7199519230769231 0.3137019230769231 0.06490384615384616 0.12740384615384615
3 0.6201923076923077 0.5216346153846154 0.07451923076923077 0.13221153846153846
3 0.5360576923076923 0.6490384615384616 0.07451923076923077 0.13701923076923078
2 0.42427884615384615 0.6274038461538461 0.08653846153846154 0.17067307692307693
2 0.21514423076923078 0.5925480769230769 0.09375 0.17548076923076922
4 0.3762019230769231 0.08774038461538461 0.08413461538461539 0.17548076923076922
5 0.22115384615384615 0.038461538461538464 0.08173076923076923 0.07692307692307693
1 0.171875 0.22716346153846154 0.0985576923076923 0.22596153846153846
2 0.1971153846153846 0.7536057692307693 0.0985576923076923 0.18028846153846154
0 0.45072115384615385 0.3894230769230769 0.07692307692307693 0.1658653846153846
3 0.3605769230769231 0.2692307692307692 0.06971153846153846 0.1346153846153846
3 0.2956730769230769 0.0889423076923077 0.0625 0.12740384615384615
3 0.2668269230769231 0.2704326923076923 0.0625 0.12740384615384615
3 0.3473557692307692 0.5192307692307693 0.07211538461538461 0.13701923076923078