1 0.7776442307692307 0.2956730769230769 0.09134615384615384 0.21394230769230768
5 0.5805288461538461 0.06971153846153846 0.0673076923076923 0.1346153846153846
0 0.5096153846153846 0.22115384615384615 0.0625 0.15625
3 0.421875 0.16346153846153846 0.052884615384615384 0.12259615384615384
3 0.6862980769230769 0.34134615384615385 0.057692307692307696 0.11778846153846154
3 0.6009615384615384 0.5444711538461539 0.06490384615384616 0.12259615384615384
3 0.5276442307692307 0.6706730769230769 0.06490384615384616 0.12980769230769232
2 0.4182692307692308 0.6550480769230769 0.07451923076923077 0.16105769230769232
2 0.21875 0.6322115384615384 0.08173076923076923 0.16346153846153846
4 0.34615384615384615 0.12980769230769232 0.0673076923076923 0.18269230769230768
5 0.1935096153846154 0.06850961538461539 0.07451923076923077 0.13701923076923078
1 0.15745192307692307 0.2860576923076923 0.08413461538461539 0.21394230769230768
2 0.2091346153846154 0.7860576923076923 0.08653846153846154 0.16826923076923078
0 0.4326923076923077 0.4266826923076923 0.0673076923076923 0.15384615384615385
3 0.3401442307692308 0.3173076923076923 0.06009615384615385 0.125
3 0.2692307692307692 0.1466346153846154 0.055288461538461536 0.11778846153846154
3 0.2512019230769231 0.3233173076923077 0.052884615384615384 0.1201923076923077
3 0.3401442307692308 0.5552884615384616 0.0625 0.12740384615384615