1 0.7956730769230769 0.2776442307692308 0.10096153846153846 0.21875
5 0.6009615384615384 0.056490384615384616 0.06971153846153846 0.10576923076923077
0 0.5252403846153846 0.19230769230769232 0.06971153846153846 0.16105769230769232
3 0.4362980769230769 0.12860576923076922 0.06009615384615385 0.125
3 0.7007211538461539 0.32091346153846156 0.0625 0.12259615384615384
3 0.6069711538461539 0.5252403846153846 0.06971153846153846 0.12740384615384615
3 0.5264423076923077 0.6514423076923077 0.07211538461538461 0.1346153846153846
2 0.41586538461538464 0.6310096153846154 0.08173076923076923 0.1658653846153846
2 0.2127403846153846 0.6009615384615384 0.0889423076923077 0.17067307692307693
4 0.3605769230769231 0.09495192307692307 0.07692307692307693 0.18990384615384615
5 0.20673076923076922 0.04807692307692308 0.08173076923076923 0.09615384615384616
1 0.1622596153846154 0.24639423076923078 0.09375 0.21875
2 0.19591346153846154 0.7584134615384616 0.09375 0.17548076923076922
0 0.4387019230769231 0.39903846153846156 0.07211538461538461 0.16105769230769232
3 0.3485576923076923 0.28365384615384615 0.0673076923076923 0.12980769230769232
3 0.28125 0.10817307692307693 0.06009615384615385 0.12259615384615384
3 0.25721153846153844 0.2848557692307692 0.057692307692307696 0.125
3 0.3401442307692308 0.5276442307692307 0.06971153846153846 0.13221153846153846