2 0.7175480769230769 0.6081730769230769 0.07932692307692307 0.1466346153846154
5 0.8485576923076923 0.7223557692307693 0.08173076923076923 0.14182692307692307
1 0.7848557692307693 0.359375 0.08413461538461539 0.20673076923076922
4 0.5901442307692307 0.29086538461538464 0.06971153846153846 0.18509615384615385
5 0.5721153846153846 0.06009615384615385 0.057692307692307696 0.1201923076923077
2 0.5757211538461539 0.12740384615384615 0.057692307692307696 0.1346153846153846
2 0.4362980769230769 0.39663461538461536 0.0673076923076923 0.13942307692307693
3 0.5036057692307693 0.06490384615384616 0.05048076923076923 0.10576923076923077
3 0.6682692307692307 0.22235576923076922 0.052884615384615384 0.10336538461538461
3 0.6514423076923077 0.13701923076923078 0.05048076923076923 0.10096153846153846
3 0.6959134615384616 0.3954326923076923 0.055288461538461536 0.11057692307692307
3 0.7067307692307693 0.4987980769230769 0.06009615384615385 0.11057692307692307
3 0.6490384615384616 0.7355769230769231 0.06971153846153846 0.11538461538461539
3 0.5108173076923077 0.2980769230769231 0.052884615384615384 0.11057692307692307
1 0.1658653846153846 0.3762019230769231 0.08173076923076923 0.20192307692307693
5 0.18870192307692307 0.06370192307692307 0.06009615384615385 0.10817307692307693
5 0.25961538461538464 0.7524038461538461 0.07451923076923077 0.14182692307692307
0 0.15504807692307693 0.4987980769230769 0.07211538461538461 0.14423076923076922
4 0.1778846153846154 0.28725961538461536 0.07211538461538461 0.17548076923076922
2 0.35216346153846156 0.19951923076923078 0.06490384615384616 0.13942307692307693
2 0.16466346153846154 0.6141826923076923 0.07692307692307693 0.14903846153846154
3 0.42908653846153844 0.30288461538461536 0.04807692307692308 0.10576923076923077
3 0.26802884615384615 0.06370192307692307 0.05048076923076923 0.10096153846153846
3 0.2704326923076923 0.23197115384615385 0.055288461538461536 0.10817307692307693
3 0.2692307692307692 0.4206730769230769 0.057692307692307696 0.10576923076923077
3 0.2644230769230769 0.5216346153846154 0.057692307692307696 0.10576923076923077
3 0.26322115384615385 0.6237980769230769 0.06009615384615385 0.11057692307692307
3 0.45552884615384615 0.7367788461538461 0.0625 0.11778846153846154