2 0.7151442307692307 0.6141826923076923 0.08173076923076923 0.14903846153846154
5 0.8485576923076923 0.7295673076923077 0.08413461538461539 0.14423076923076922
1 0.7836538461538461 0.36177884615384615 0.08413461538461539 0.2091346153846154
4 0.5865384615384616 0.2920673076923077 0.07211538461538461 0.1875
5 0.5685096153846154 0.06009615384615385 0.06009615384615385 0.1201923076923077
2 0.5721153846153846 0.12620192307692307 0.06009615384615385 0.13701923076923078
2 0.43028846153846156 0.39903846153846156 0.0673076923076923 0.14182692307692307
3 0.4987980769230769 0.06370192307692307 0.05048076923076923 0.10817307692307693
3 0.6658653846153846 0.22235576923076922 0.052884615384615384 0.10336538461538461
3 0.6490384615384616 0.13822115384615385 0.05048076923076923 0.10096153846153846
3 0.6935096153846154 0.39903846153846156 0.055288461538461536 0.11298076923076923
3 0.7043269230769231 0.5036057692307693 0.06009615384615385 0.11298076923076923
3 0.6466346153846154 0.7427884615384616 0.06971153846153846 0.11538461538461539
3 0.5060096153846154 0.29927884615384615 0.052884615384615384 0.11298076923076923
1 0.15504807692307693 0.3786057692307692 0.08413461538461539 0.20432692307692307
5 0.17908653846153846 0.06370192307692307 0.0625 0.10817307692307693
5 0.25 0.7608173076923077 0.07692307692307693 0.14423076923076922
0 0.14423076923076922 0.5036057692307693 0.07451923076923077 0.14423076923076922
4 0.16706730769230768 0.28966346153846156 0.07451923076923077 0.1778846153846154
2 0.34375 0.19951923076923078 0.0673076923076923 0.14182692307692307
2 0.15384615384615385 0.6213942307692307 0.07692307692307693 0.15144230769230768
3 0.4230769230769231 0.30528846153846156 0.05048076923076923 0.10576923076923077
3 0.25841346153846156 0.06129807692307692 0.052884615384615384 0.10096153846153846
3 0.2608173076923077 0.23197115384615385 0.055288461538461536 0.11057692307692307
3 0.25961538461538464 0.42427884615384615 0.057692307692307696 0.10817307692307693
3 0.2548076923076923 0.5264423076923077 0.06009615384615385 0.10576923076923077
3 0.25600961538461536 0.6298076923076923 0.0625 0.11298076923076923
3 0.4495192307692308 0.7451923076923077 0.0625 0.1201923076923077