2 0.7007211538461539 0.6310096153846154 0.08653846153846154 0.15144230769230768
5 0.8173076923076923 0.7608173076923077 0.0889423076923077 0.1466346153846154
1 0.7980769230769231 0.3894230769230769 0.09375 0.2091346153846154
4 0.6129807692307693 0.29927884615384615 0.07932692307692307 0.18990384615384615
5 0.6237980769230769 0.0673076923076923 0.0625 0.1201923076923077
2 0.6189903846153846 0.13341346153846154 0.06490384615384616 0.13701923076923078
2 0.44591346153846156 0.38461538461538464 0.07451923076923077 0.14423076923076922
3 0.5540865384615384 0.06370192307692307 0.055288461538461536 0.10817307692307693
3 0.6983173076923077 0.2403846153846154 0.057692307692307696 0.10576923076923077
3 0.6923076923076923 0.15384615384615385 0.057692307692307696 0.10336538461538461
3 0.7055288461538461 0.4170673076923077 0.06009615384615385 0.11298076923076923
3 0.703125 0.5204326923076923 0.06490384615384616 0.11538461538461539
3 0.6165865384615384 0.7487980769230769 0.07451923076923077 0.11778846153846154
3 0.5324519230769231 0.2956730769230769 0.057692307692307696 0.11298076923076923
1 0.17908653846153846 0.3317307692307692 0.09375 0.20432692307692307
5 0.2403846153846154 0.039663461538461536 0.0673076923076923 0.07932692307692307
5 0.22596153846153846 0.71875 0.08413461538461539 0.1466346153846154
0 0.15144230769230768 0.453125 0.07932692307692307 0.1466346153846154
4 0.20192307692307693 0.24519230769230768 0.08413461538461539 0.18028846153846154
2 0.3858173076923077 0.17908653846153846 0.07211538461538461 0.14423076923076922
2 0.14903846153846154 0.5697115384615384 0.08413461538461539 0.15384615384615385
3 0.45072115384615385 0.2920673076923077 0.055288461538461536 0.10576923076923077
3 0.31971153846153844 0.04326923076923077 0.0625 0.08653846153846154
3 0.3004807692307692 0.20072115384615385 0.06009615384615385 0.11298076923076923
3 0.27524038461538464 0.38822115384615385 0.0625 0.10817307692307693
3 0.25841346153846156 0.4891826923076923 0.06490384615384616 0.10817307692307693
3 0.24639423076923078 0.5913461538461539 0.06490384615384616 0.11298076923076923
3 0.4230769230769231 0.7271634615384616 0.0673076923076923 0.1201923076923077