5 0.8617788461538461 0.7067307692307693 0.08653846153846154 0.14423076923076922
1 0.8100961538461539 0.46033653846153844 0.10576923076923077 0.21394230769230768
4 0.5877403846153846 0.27884615384615385 0.07692307692307693 0.18269230769230768
2 0.4831730769230769 0.12620192307692307 0.07692307692307693 0.13701923076923078
3 0.49399038461538464 0.054086538461538464 0.055288461538461536 0.10576923076923077
3 0.6947115384615384 0.3858173076923077 0.0625 0.1201923076923077
3 0.6598557692307693 0.20793269230769232 0.0625 0.10817307692307693
3 0.5060096153846154 0.2956730769230769 0.057692307692307696 0.11057692307692307
3 0.6322115384615384 0.49038461538461536 0.06490384615384616 0.1201923076923077
2 0.4362980769230769 0.3942307692307692 0.07211538461538461 0.14423076923076922
2 0.1658653846153846 0.6225961538461539 0.08653846153846154 0.15384615384615385
4 0.3485576923076923 0.29447115384615385 0.07692307692307693 0.17548076923076922
1 0.2608173076923077 0.3798076923076923 0.09134615384615384 0.20673076923076922
3 0.27163461538461536 0.6322115384615384 0.0673076923076923 0.11778846153846154
5 0.27283653846153844 0.7620192307692307 0.08173076923076923 0.14423076923076922
5 0.17548076923076922 0.07211538461538461 0.07211538461538461 0.10576923076923077
3 0.2512019230769231 0.06850961538461539 0.0625 0.10576923076923077
3 0.4254807692307692 0.30288461538461536 0.06490384615384616 0.11057692307692307
3 0.26802884615384615 0.2283653846153846 0.055288461538461536 0.11778846153846154
0 0.4483173076923077 0.6009615384615384 0.07932692307692307 0.15384615384615385
3 0.46634615384615385 0.7403846153846154 0.0673076923076923 0.125