5 0.8533653846153846 0.7055288461538461 0.0889423076923077 0.1466346153846154
1 0.8004807692307693 0.453125 0.11057692307692307 0.21875
4 0.5745192307692307 0.2704326923076923 0.07692307692307693 0.1875
2 0.46875 0.11538461538461539 0.07692307692307693 0.13942307692307693
3 0.4807692307692308 0.04807692307692308 0.057692307692307696 0.09615384615384616
3 0.6826923076923077 0.3786057692307692 0.0625 0.12259615384615384
3 0.6490384615384616 0.1971153846153846 0.06490384615384616 0.11057692307692307
3 0.49158653846153844 0.28725961538461536 0.057692307692307696 0.11298076923076923
3 0.6177884615384616 0.484375 0.06490384615384616 0.1201923076923077
2 0.41947115384615385 0.3858173076923077 0.07451923076923077 0.1466346153846154
2 0.1466346153846154 0.6177884615384616 0.0889423076923077 0.15625
4 0.33052884615384615 0.2860576923076923 0.07932692307692307 0.1778846153846154
1 0.24158653846153846 0.3713942307692308 0.09375 0.2091346153846154
3 0.25240384615384615 0.6286057692307693 0.0673076923076923 0.1201923076923077
5 0.2536057692307692 0.7608173076923077 0.08173076923076923 0.1466346153846154
5 0.15504807692307693 0.06610576923076923 0.06971153846153846 0.09134615384615384
3 0.23317307692307693 0.06370192307692307 0.06490384615384616 0.09615384615384616
3 0.4098557692307692 0.29447115384615385 0.0673076923076923 0.11298076923076923
3 0.24879807692307693 0.21875 0.057692307692307696 0.1201923076923077
0 0.4326923076923077 0.5973557692307693 0.07932692307692307 0.15625
3 0.4519230769230769 0.7379807692307693 0.06971153846153846 0.12740384615384615