5 0.8569711538461539 0.6911057692307693 0.09375 0.14903846153846154
1 0.7956730769230769 0.4423076923076923 0.11538461538461539 0.22115384615384615
4 0.5637019230769231 0.265625 0.08413461538461539 0.1875
2 0.4519230769230769 0.1141826923076923 0.08173076923076923 0.14182692307692307
3 0.46274038461538464 0.04807692307692308 0.06009615384615385 0.09615384615384616
3 0.6766826923076923 0.3701923076923077 0.0673076923076923 0.125
3 0.6358173076923077 0.19110576923076922 0.06971153846153846 0.11298076923076923
3 0.4807692307692308 0.2860576923076923 0.06009615384615385 0.11298076923076923
3 0.6153846153846154 0.47836538461538464 0.0673076923076923 0.12259615384615384
2 0.41346153846153844 0.3870192307692308 0.07932692307692307 0.1466346153846154
2 0.14903846153846154 0.6286057692307693 0.09375 0.15865384615384615
4 0.32091346153846156 0.29086538461538464 0.08413461538461539 0.18028846153846154
1 0.234375 0.3798076923076923 0.10096153846153846 0.2091346153846154
3 0.25600961538461536 0.6346153846153846 0.07211538461538461 0.12259615384615384
5 0.25961538461538464 0.7668269230769231 0.08653846153846154 0.14903846153846154
5 0.13822115384615385 0.07932692307692307 0.07451923076923077 0.09375
3 0.21754807692307693 0.07211538461538461 0.0673076923076923 0.09375
3 0.40024038461538464 0.2956730769230769 0.06971153846153846 0.11298076923076923
3 0.23677884615384615 0.22596153846153846 0.06009615384615385 0.1201923076923077
0 0.4326923076923077 0.5973557692307693 0.08413461538461539 0.15865384615384615
3 0.4567307692307692 0.7379807692307693 0.07451923076923077 0.12740384615384615