5 0.8665865384615384 0.7524038461538461 0.09375 0.15384615384615385
1 0.8533653846153846 0.49158653846153844 0.0985576923076923 0.22115384615384615
3 0.5817307692307693 0.04567307692307692 0.055288461538461536 0.08413461538461539
2 0.4723557692307692 0.36658653846153844 0.08173076923076923 0.15144230769230768
1 0.29086538461538464 0.33052884615384615 0.09375 0.22115384615384615
4 0.3954326923076923 0.2512019230769231 0.08413461538461539 0.20192307692307693
4 0.6454326923076923 0.2704326923076923 0.08413461538461539 0.18990384615384615
3 0.7259615384615384 0.11899038461538461 0.06009615384615385 0.11778846153846154
3 0.7307692307692307 0.20432692307692307 0.06009615384615385 0.11778846153846154
3 0.7415865384615384 0.39783653846153844 0.0625 0.11538461538461539
3 0.65625 0.4987980769230769 0.07211538461538461 0.12740384615384615
3 0.5576923076923077 0.2704326923076923 0.06490384615384616 0.12740384615384615
2 0.5600961538461539 0.09615384615384616 0.07932692307692307 0.16105769230769232
2 0.1658653846153846 0.5637019230769231 0.09134615384615384 0.1658653846153846
5 0.25240384615384615 0.7223557692307693 0.0985576923076923 0.16105769230769232
5 0.25 0.028846153846153848 0.07211538461538461 0.057692307692307696
0 0.4543269230769231 0.5829326923076923 0.07932692307692307 0.16105769230769232
3 0.4735576923076923 0.26802884615384615 0.06490384615384616 0.11057692307692307
3 0.3329326923076923 0.027644230769230768 0.06490384615384616 0.055288461538461536
3 0.32091346153846156 0.16706730769230768 0.0625 0.125
3 0.26802884615384615 0.5865384615384616 0.07451923076923077 0.12740384615384615
3 0.4567307692307692 0.7295673076923077 0.06971153846153846 0.125