5 0.8665865384615384 0.7235576923076923 0.0889423076923077 0.14903846153846154
1 0.8233173076923077 0.4699519230769231 0.09375 0.21634615384615385
3 0.5024038461538461 0.055288461538461536 0.057692307692307696 0.11057692307692307
2 0.43509615384615385 0.3942307692307692 0.07692307692307693 0.1466346153846154
1 0.2548076923076923 0.38100961538461536 0.0889423076923077 0.21634615384615385
4 0.3473557692307692 0.29086538461538464 0.07932692307692307 0.1971153846153846
4 0.59375 0.2800480769230769 0.07932692307692307 0.1875
3 0.6526442307692307 0.12259615384615384 0.055288461538461536 0.11538461538461539
3 0.6670673076923077 0.20432692307692307 0.057692307692307696 0.11538461538461539
3 0.703125 0.3918269230769231 0.06009615384615385 0.11298076923076923
3 0.6310096153846154 0.5 0.06971153846153846 0.125
3 0.5072115384615384 0.28966346153846156 0.0625 0.12259615384615384
2 0.4879807692307692 0.11899038461538461 0.07451923076923077 0.15865384615384615
2 0.15985576923076922 0.6225961538461539 0.08653846153846154 0.16105769230769232
5 0.26322115384615385 0.7680288461538461 0.09615384615384616 0.15625
5 0.17427884615384615 0.06610576923076923 0.07211538461538461 0.10096153846153846
0 0.44471153846153844 0.6069711538461539 0.07692307692307693 0.15625
3 0.4254807692307692 0.296875 0.06009615384615385 0.10817307692307693
3 0.2548076923076923 0.057692307692307696 0.057692307692307696 0.09375
3 0.26322115384615385 0.21754807692307693 0.06009615384615385 0.12259615384615384
3 0.2620192307692308 0.6334134615384616 0.07211538461538461 0.125
3 0.4639423076923077 0.75 0.0673076923076923 0.12259615384615384