5 0.8689903846153846 0.7055288461538461 0.09615384615384616 0.15384615384615385
1 0.8149038461538461 0.4483173076923077 0.10336538461538461 0.22115384615384615
3 0.47716346153846156 0.04807692307692308 0.06009615384615385 0.09615384615384616
2 0.4182692307692308 0.3858173076923077 0.08413461538461539 0.15144230769230768
1 0.234375 0.3786057692307692 0.0985576923076923 0.22115384615384615
4 0.32572115384615385 0.28365384615384615 0.08653846153846154 0.20432692307692307
4 0.5745192307692307 0.26322115384615385 0.08653846153846154 0.19230769230769232
3 0.6310096153846154 0.10096153846153846 0.0625 0.1201923076923077
3 0.6490384615384616 0.18389423076923078 0.0625 0.11778846153846154
3 0.6899038461538461 0.3737980769230769 0.06490384615384616 0.11538461538461539
3 0.6213942307692307 0.48677884615384615 0.07451923076923077 0.12980769230769232
3 0.4891826923076923 0.2764423076923077 0.0673076923076923 0.12740384615384615
2 0.46274038461538464 0.10336538461538461 0.08173076923076923 0.16346153846153846
2 0.1466346153846154 0.6274038461538461 0.09375 0.1658653846153846
5 0.25721153846153844 0.7704326923076923 0.10096153846153846 0.16105769230769232
5 0.14302884615384615 0.07091346153846154 0.07211538461538461 0.08653846153846154
0 0.43509615384615385 0.6009615384615384 0.08413461538461539 0.16105769230769232
3 0.4050480769230769 0.28725961538461536 0.06490384615384616 0.11057692307692307
3 0.2247596153846154 0.06009615384615385 0.06490384615384616 0.07932692307692307
3 0.23798076923076922 0.21153846153846154 0.06490384615384616 0.12740384615384615
3 0.2512019230769231 0.6334134615384616 0.07692307692307693 0.12980769230769232
3 0.46033653846153844 0.7463942307692307 0.07211538461538461 0.125