1 0.7740384615384616 0.2644230769230769 0.11057692307692307 0.2283653846153846
2 0.6826923076923077 0.7752403846153846 0.10336538461538461 0.18028846153846154
5 0.6526442307692307 0.12379807692307693 0.07451923076923077 0.15384615384615385
3 0.7223557692307693 0.5264423076923077 0.07211538461538461 0.12980769230769232
3 0.5108173076923077 0.3329326923076923 0.06490384615384616 0.12740384615384615
0 0.5444711538461539 0.5360576923076923 0.07451923076923077 0.1658653846153846
0 0.31850961538461536 0.13341346153846154 0.08653846153846154 0.17548076923076922
1 0.1502403846153846 0.4098557692307692 0.11057692307692307 0.23317307692307693
3 0.33774038461538464 0.5552884615384616 0.07211538461538461 0.1346153846153846
2 0.1502403846153846 0.14182692307692307 0.0889423076923077 0.18269230769230768
0 0.47716346153846156 0.057692307692307696 0.07451923076923077 0.11538461538461539
0 0.13581730769230768 0.6742788461538461 0.0889423076923077 0.17067307692307693