1 0.7980769230769231 0.22596153846153846 0.11538461538461539 0.23076923076923078
2 0.7151442307692307 0.7427884615384616 0.10576923076923077 0.18509615384615385
5 0.6730769230769231 0.08774038461538461 0.07692307692307693 0.15625
3 0.75 0.49158653846153844 0.07451923076923077 0.13221153846153846
3 0.5360576923076923 0.3004807692307692 0.0673076923076923 0.12980769230769232
0 0.5721153846153846 0.5048076923076923 0.07692307692307693 0.16826923076923078
0 0.33774038461538464 0.10336538461538461 0.0889423076923077 0.1778846153846154
1 0.17427884615384615 0.38341346153846156 0.11778846153846154 0.23557692307692307
3 0.36538461538461536 0.5276442307692307 0.07451923076923077 0.13701923076923078
2 0.16947115384615385 0.11538461538461539 0.09134615384615384 0.18269230769230768
0 0.4987980769230769 0.040865384615384616 0.07451923076923077 0.08173076923076923
0 0.16466346153846154 0.6514423076923077 0.09375 0.17307692307692307