1 0.7800480769230769 0.3233173076923077 0.10576923076923077 0.21634615384615385
2 0.6262019230769231 0.7908653846153846 0.0985576923076923 0.17307692307692307
5 0.6838942307692307 0.17668269230769232 0.07211538461538461 0.14423076923076922
3 0.6971153846153846 0.5637019230769231 0.0673076923076923 0.12259615384615384
3 0.5252403846153846 0.35336538461538464 0.0625 0.1201923076923077
0 0.5288461538461539 0.5492788461538461 0.06971153846153846 0.15625
0 0.3701923076923077 0.140625 0.08173076923076923 0.1658653846153846
1 0.17548076923076922 0.3786057692307692 0.10576923076923077 0.21875
3 0.3317307692307692 0.5384615384615384 0.0673076923076923 0.12740384615384615
2 0.21153846153846154 0.12620192307692307 0.08413461538461539 0.17307692307692307
0 0.53125 0.07211538461538461 0.07211538461538461 0.14423076923076922
0 0.12860576923076922 0.625 0.08413461538461539 0.16105769230769232