5 0.8978365384615384 0.6995192307692307 0.08653846153846154 0.1466346153846154
1 0.7644230769230769 0.5600961538461539 0.11298076923076923 0.2283653846153846
4 0.6081730769230769 0.25961538461538464 0.0889423076923077 0.18509615384615385
3 0.6838942307692307 0.18389423076923078 0.057692307692307696 0.11538461538461539
3 0.6574519230769231 0.47596153846153844 0.06490384615384616 0.12259615384615384
3 0.5252403846153846 0.2764423076923077 0.0625 0.11538461538461539
2 0.4567307692307692 0.3786057692307692 0.09134615384615384 0.15384615384615385
4 0.3641826923076923 0.2800480769230769 0.0889423076923077 0.1971153846153846
1 0.2776442307692308 0.36177884615384615 0.09615384615384616 0.21875
3 0.4411057692307692 0.2824519230769231 0.06971153846153846 0.11778846153846154
3 0.3545673076923077 0.12620192307692307 0.06490384615384616 0.11538461538461539
3 0.2644230769230769 0.0625 0.057692307692307696 0.08173076923076923
3 0.2920673076923077 0.6165865384615384 0.07692307692307693 0.13701923076923078
5 0.18028846153846154 0.2091346153846154 0.07932692307692307 0.13942307692307693
5 0.6971153846153846 0.7007211538461539 0.09134615384615384 0.1658653846153846