5 0.8822115384615384 0.8064903846153846 0.08173076923076923 0.14903846153846154
1 0.7692307692307693 0.6442307692307693 0.10336538461538461 0.23076923076923078
4 0.6574519230769231 0.3137019230769231 0.08173076923076923 0.18509615384615385
3 0.7487980769230769 0.24879807692307693 0.055288461538461536 0.11538461538461539
3 0.6730769230769231 0.5420673076923077 0.06009615384615385 0.125
3 0.5709134615384616 0.3173076923076923 0.057692307692307696 0.11778846153846154
2 0.48677884615384615 0.4098557692307692 0.08653846153846154 0.15384615384615385
4 0.40865384615384615 0.29447115384615385 0.07932692307692307 0.19951923076923078
1 0.3076923076923077 0.3629807692307692 0.08653846153846154 0.22355769230769232
3 0.4855769230769231 0.31009615384615385 0.06490384615384616 0.1201923076923077
3 0.4230769230769231 0.13701923076923078 0.06009615384615385 0.11538461538461539
3 0.34375 0.05048076923076923 0.057692307692307696 0.10096153846153846
3 0.2800480769230769 0.625 0.07451923076923077 0.13701923076923078
5 0.23197115384615385 0.1935096153846154 0.07451923076923077 0.13942307692307693
5 0.6778846153846154 0.7752403846153846 0.08653846153846154 0.16826923076923078