5 0.9026442307692307 0.71875 0.08173076923076923 0.1466346153846154
1 0.7740384615384616 0.5709134615384616 0.10336538461538461 0.2283653846153846
4 0.6310096153846154 0.25600961538461536 0.08173076923076923 0.18269230769230768
3 0.7127403846153846 0.18389423076923078 0.052884615384615384 0.11298076923076923
3 0.6694711538461539 0.4795673076923077 0.06009615384615385 0.12259615384615384
3 0.5456730769230769 0.2704326923076923 0.057692307692307696 0.11778846153846154
2 0.47115384615384615 0.3701923076923077 0.08413461538461539 0.15384615384615385
4 0.38341346153846156 0.2644230769230769 0.07932692307692307 0.1971153846153846
1 0.29086538461538464 0.3425480769230769 0.08653846153846154 0.21875
3 0.46033653846153844 0.27163461538461536 0.06490384615384616 0.11778846153846154
3 0.38100961538461536 0.10817307692307693 0.06009615384615385 0.11538461538461539
3 0.2932692307692308 0.04326923076923077 0.052884615384615384 0.06971153846153846
3 0.2920673076923077 0.6021634615384616 0.07211538461538461 0.1346153846153846
5 0.19951923076923078 0.18389423076923078 0.07211538461538461 0.13701923076923078
5 0.6983173076923077 0.7103365384615384 0.08413461538461539 0.1658653846153846