1 0.7944711538461539 0.2956730769230769 0.08653846153846154 0.21634615384615385
0 0.6081730769230769 0.14543269230769232 0.06009615384615385 0.15384615384615385
5 0.5853365384615384 0.0673076923076923 0.0625 0.125
5 0.5240384615384616 0.23677884615384615 0.0673076923076923 0.12980769230769232
2 0.4411057692307692 0.24278846153846154 0.0625 0.14182692307692307
3 0.4206730769230769 0.17067307692307693 0.055288461538461536 0.11298076923076923
3 0.7055288461538461 0.34134615384615385 0.052884615384615384 0.11538461538461539
3 0.6201923076923077 0.5564903846153846 0.055288461538461536 0.125
3 0.7644230769230769 0.8161057692307693 0.06490384615384616 0.125
3 0.5504807692307693 0.6899038461538461 0.06490384615384616 0.1346153846153846
2 0.44471153846153844 0.8125 0.07692307692307693 0.1778846153846154
1 0.14182692307692307 0.41466346153846156 0.09134615384615384 0.22115384615384615
5 0.1814903846153846 0.06850961538461539 0.06971153846153846 0.13701923076923078
2 0.22355769230769232 0.8221153846153846 0.08653846153846154 0.17307692307692307
4 0.33653846153846156 0.13581730769230768 0.07211538461538461 0.19471153846153846
0 0.16826923076923078 0.13701923076923078 0.0625 0.15144230769230768
0 0.35096153846153844 0.4338942307692308 0.06490384615384616 0.15625
3 0.5108173076923077 0.14783653846153846 0.057692307692307696 0.11778846153846154
3 0.26322115384615385 0.15504807692307693 0.0625 0.12259615384615384
3 0.24639423076923078 0.33653846153846156 0.055288461538461536 0.11538461538461539
3 0.2439903846153846 0.44350961538461536 0.06490384615384616 0.1201923076923077
3 0.35216346153846156 0.5769230769230769 0.0673076923076923 0.12980769230769232