1 0.7548076923076923 0.2764423076923077 0.09134615384615384 0.21394230769230768
0 0.5685096153846154 0.13701923076923078 0.0625 0.15144230769230768
5 0.5432692307692307 0.0625 0.06490384615384616 0.125
5 0.49038461538461536 0.2283653846153846 0.06971153846153846 0.12980769230769232
2 0.4110576923076923 0.23557692307692307 0.0625 0.13942307692307693
3 0.38822115384615385 0.16706730769230768 0.057692307692307696 0.11057692307692307
3 0.6694711538461539 0.3233173076923077 0.055288461538461536 0.11298076923076923
3 0.5949519230769231 0.5324519230769231 0.057692307692307696 0.12259615384615384
3 0.7427884615384616 0.7788461538461539 0.0673076923076923 0.125
3 0.5324519230769231 0.6646634615384616 0.0673076923076923 0.12980769230769232
2 0.4338942307692308 0.7872596153846154 0.08173076923076923 0.17548076923076922
1 0.12740384615384615 0.41225961538461536 0.09615384615384616 0.21634615384615385
5 0.15384615384615385 0.078125 0.07211538461538461 0.1346153846153846
2 0.22115384615384615 0.8028846153846154 0.09134615384615384 0.17067307692307693
4 0.30649038461538464 0.13581730769230768 0.07692307692307693 0.18990384615384615
0 0.14302884615384615 0.14302884615384615 0.06490384615384616 0.14903846153846154
0 0.33052884615384615 0.4254807692307692 0.0673076923076923 0.15384615384615385
3 0.47596153846153844 0.14182692307692307 0.06009615384615385 0.11538461538461539
3 0.23557692307692307 0.15865384615384615 0.0625 0.1201923076923077
3 0.22596153846153846 0.33413461538461536 0.057692307692307696 0.11538461538461539
3 0.22716346153846154 0.4375 0.0673076923076923 0.11778846153846154
3 0.33653846153846156 0.5625 0.0673076923076923 0.12740384615384615