1 0.7920673076923077 0.30649038461538464 0.0889423076923077 0.21394230769230768
0 0.6117788461538461 0.15745192307692307 0.06009615384615385 0.14903846153846154
5 0.5913461538461539 0.08052884615384616 0.0625 0.12259615384615384
5 0.5288461538461539 0.2439903846153846 0.0673076923076923 0.12740384615384615
2 0.4483173076923077 0.24879807692307693 0.0625 0.13942307692307693
3 0.43028846153846156 0.17908653846153846 0.055288461538461536 0.11057692307692307
3 0.703125 0.34975961538461536 0.052884615384615384 0.11298076923076923
3 0.6177884615384616 0.5564903846153846 0.055288461538461536 0.12259615384615384
3 0.7536057692307693 0.8112980769230769 0.06490384615384616 0.12259615384615384
3 0.546875 0.6862980769230769 0.06490384615384616 0.12980769230769232
2 0.44350961538461536 0.8028846153846154 0.07932692307692307 0.17548076923076922
1 0.15384615384615385 0.4098557692307692 0.09134615384615384 0.21634615384615385
5 0.19831730769230768 0.07211538461538461 0.06971153846153846 0.13942307692307693
2 0.22716346153846154 0.8076923076923077 0.0889423076923077 0.17067307692307693
4 0.3485576923076923 0.14302884615384615 0.07451923076923077 0.19230769230769232
0 0.18389423076923078 0.140625 0.06490384615384616 0.14903846153846154
0 0.35697115384615385 0.4338942307692308 0.06490384615384616 0.15384615384615385
3 0.5180288461538461 0.15745192307692307 0.057692307692307696 0.11538461538461539
3 0.2764423076923077 0.16105769230769232 0.06009615384615385 0.1201923076923077
3 0.25721153846153844 0.33533653846153844 0.055288461538461536 0.11538461538461539
3 0.2536057692307692 0.4411057692307692 0.06490384615384616 0.11778846153846154
3 0.35697115384615385 0.5721153846153846 0.0673076923076923 0.125