4 0.859375 0.28125 0.0889423076923077 0.18028846153846154
1 0.8605769230769231 0.3605769230769231 0.09615384615384616 0.20673076923076922
5 0.8882211538461539 0.7536057692307693 0.08653846153846154 0.15144230769230768
5 0.828125 0.056490384615384616 0.06490384615384616 0.07451923076923077
0 0.8329326923076923 0.1875 0.06009615384615385 0.14423076923076922
0 0.7548076923076923 0.6189903846153846 0.07451923076923077 0.13942307692307693
3 0.7596153846153846 0.3858173076923077 0.055288461538461536 0.10576923076923077
3 0.7644230769230769 0.5 0.06009615384615385 0.11298076923076923
3 0.6742788461538461 0.7475961538461539 0.0625 0.11057692307692307
3 0.65625 0.6105769230769231 0.0625 0.11778846153846154
3 0.75 0.20072115384615385 0.052884615384615384 0.10336538461538461
3 0.7427884615384616 0.109375 0.04807692307692308 0.0985576923076923
3 0.7403846153846154 0.04447115384615385 0.04807692307692308 0.06009615384615385
2 0.6622596153846154 0.09014423076923077 0.0625 0.14423076923076922
2 0.6778846153846154 0.4699519230769231 0.07692307692307693 0.15384615384615385
3 0.5721153846153846 0.26802884615384615 0.055288461538461536 0.11298076923076923
4 0.22115384615384615 0.21514423076923078 0.07692307692307693 0.18269230769230768
1 0.19831730769230768 0.30649038461538464 0.08413461538461539 0.21394230769230768
0 0.17548076923076922 0.43990384615384615 0.06971153846153846 0.14903846153846154
0 0.23197115384615385 0.1346153846153846 0.06490384615384616 0.14423076923076922
2 0.4170673076923077 0.14543269230769232 0.07451923076923077 0.16346153846153846
2 0.17427884615384615 0.5588942307692307 0.08413461538461539 0.16826923076923078
3 0.46875 0.7295673076923077 0.06490384615384616 0.11778846153846154
3 0.27403846153846156 0.5865384615384616 0.06971153846153846 0.11538461538461539
3 0.28365384615384615 0.4795673076923077 0.06971153846153846 0.1201923076923077
3 0.30288461538461536 0.3641826923076923 0.06490384615384616 0.11057692307692307
3 0.3137019230769231 0.25721153846153844 0.06971153846153846 0.10817307692307693
3 0.3233173076923077 0.16346153846153846 0.0625 0.10336538461538461
3 0.33413461538461536 0.07572115384615384 0.0625 0.10096153846153846
3 0.3401442307692308 0.021634615384615384 0.05048076923076923 0.04326923076923077
5 0.25721153846153844 0.019230769230769232 0.057692307692307696 0.038461538461538464
5 0.25721153846153844 0.7175480769230769 0.07692307692307693 0.1466346153846154