4 0.796875 0.3004807692307692 0.08173076923076923 0.17307692307692307
1 0.8004807692307693 0.375 0.0889423076923077 0.1971153846153846
5 0.8329326923076923 0.75 0.08173076923076923 0.14423076923076922
5 0.765625 0.06610576923076923 0.06009615384615385 0.10817307692307693
0 0.7704326923076923 0.2091346153846154 0.055288461538461536 0.13701923076923078
0 0.7019230769230769 0.6237980769230769 0.0673076923076923 0.13221153846153846
3 0.7043269230769231 0.4014423076923077 0.05048076923076923 0.10096153846153846
3 0.7091346153846154 0.5108173076923077 0.055288461538461536 0.10817307692307693
3 0.6274038461538461 0.7475961538461539 0.057692307692307696 0.10576923076923077
3 0.6081730769230769 0.6189903846153846 0.057692307692307696 0.11298076923076923
3 0.6899038461538461 0.2247596153846154 0.04807692307692308 0.0985576923076923
3 0.6826923076923077 0.13942307692307693 0.04567307692307692 0.09375
3 0.6814903846153846 0.055288461538461536 0.04807692307692308 0.09615384615384616
2 0.6057692307692307 0.11899038461538461 0.055288461538461536 0.13701923076923078
2 0.6274038461538461 0.4831730769230769 0.07211538461538461 0.1466346153846154
3 0.5216346153846154 0.29086538461538464 0.05048076923076923 0.10817307692307693
4 0.18509615384615385 0.24759615384615385 0.06971153846153846 0.17548076923076922
1 0.16466346153846154 0.33413461538461536 0.07932692307692307 0.20192307692307693
0 0.14543269230769232 0.4639423076923077 0.06490384615384616 0.14182692307692307
0 0.1935096153846154 0.16947115384615385 0.06009615384615385 0.13701923076923078
2 0.37259615384615385 0.1778846153846154 0.0673076923076923 0.15625
2 0.1466346153846154 0.5769230769230769 0.07692307692307693 0.15865384615384615
3 0.43149038461538464 0.734375 0.06009615384615385 0.11057692307692307
3 0.24158653846153846 0.6009615384615384 0.06490384615384616 0.11057692307692307
3 0.25 0.4987980769230769 0.06490384615384616 0.11538461538461539
3 0.2668269230769231 0.3894230769230769 0.06009615384615385 0.10576923076923077
3 0.27403846153846156 0.2860576923076923 0.06490384615384616 0.10336538461538461
3 0.2824519230769231 0.19591346153846154 0.057692307692307696 0.0985576923076923
3 0.2920673076923077 0.11057692307692307 0.057692307692307696 0.09615384615384616
3 0.296875 0.040865384615384616 0.04567307692307692 0.08173076923076923
5 0.21875 0.038461538461538464 0.057692307692307696 0.07692307692307693
5 0.2283653846153846 0.7271634615384616 0.06971153846153846 0.13942307692307693