4 0.7740384615384616 0.27163461538461536 0.08653846153846154 0.17067307692307693
1 0.7848557692307693 0.3449519230769231 0.0889423076923077 0.1971153846153846
5 0.8617788461538461 0.7079326923076923 0.08413461538461539 0.13942307692307693
5 0.7151442307692307 0.05048076923076923 0.055288461538461536 0.10096153846153846
0 0.7379807692307693 0.1875 0.057692307692307696 0.13942307692307693
0 0.7211538461538461 0.5973557692307693 0.06971153846153846 0.14182692307692307
3 0.6346153846153846 0.046875 0.052884615384615384 0.09375
3 0.6622596153846154 0.21153846153846154 0.04807692307692308 0.10336538461538461
3 0.6442307692307693 0.12740384615384615 0.04807692307692308 0.0985576923076923
3 0.7151442307692307 0.4891826923076923 0.06009615384615385 0.0985576923076923
3 0.6959134615384616 0.38221153846153844 0.05048076923076923 0.10817307692307693
3 0.6658653846153846 0.7283653846153846 0.055288461538461536 0.10817307692307693
3 0.6310096153846154 0.6081730769230769 0.06009615384615385 0.11298076923076923
3 0.5060096153846154 0.2932692307692308 0.05048076923076923 0.10336538461538461
2 0.5673076923076923 0.11778846153846154 0.06009615384615385 0.13221153846153846
2 0.4375 0.38822115384615385 0.0673076923076923 0.1466346153846154
4 0.171875 0.2932692307692308 0.07211538461538461 0.17307692307692307
1 0.1622596153846154 0.3798076923076923 0.07692307692307693 0.19230769230769232
0 0.17307692307692307 0.21754807692307693 0.057692307692307696 0.13701923076923078
0 0.15985576923076922 0.5108173076923077 0.06490384615384616 0.13701923076923078
2 0.3449519230769231 0.20432692307692307 0.06009615384615385 0.1466346153846154
2 0.17307692307692307 0.6237980769230769 0.07692307692307693 0.1466346153846154
5 0.27163461538461536 0.7572115384615384 0.06971153846153846 0.14182692307692307
5 0.17668269230769232 0.07091346153846154 0.05048076923076923 0.10096153846153846
3 0.2548076923076923 0.06490384615384616 0.04326923076923077 0.09375
3 0.2608173076923077 0.14543269230769232 0.04567307692307692 0.09134615384615384
3 0.26322115384615385 0.23317307692307693 0.04567307692307692 0.09615384615384616
3 0.26322115384615385 0.3173076923076923 0.05048076923076923 0.10336538461538461
3 0.2704326923076923 0.41947115384615385 0.052884615384615384 0.10096153846153846
3 0.2668269230769231 0.5240384615384616 0.052884615384615384 0.10576923076923077
3 0.27163461538461536 0.6286057692307693 0.055288461538461536 0.10817307692307693
3 0.4675480769230769 0.7367788461538461 0.06009615384615385 0.11778846153846154