4 0.7824519230769231 0.28966346153846156 0.07451923076923077 0.1658653846153846
1 0.7884615384615384 0.36538461538461536 0.07451923076923077 0.19230769230769232
5 0.8389423076923077 0.7331730769230769 0.07692307692307693 0.1346153846153846
5 0.7391826923076923 0.05889423076923077 0.04326923076923077 0.11057692307692307
0 0.7536057692307693 0.20432692307692307 0.04807692307692308 0.13701923076923078
0 0.7079326923076923 0.6129807692307693 0.0625 0.13701923076923078
3 0.6586538461538461 0.051682692307692304 0.04326923076923077 0.09615384615384616
3 0.6754807692307693 0.22235576923076922 0.040865384615384616 0.10096153846153846
3 0.6634615384615384 0.13822115384615385 0.040865384615384616 0.09615384615384616
3 0.7091346153846154 0.5024038461538461 0.052884615384615384 0.09615384615384616
3 0.6971153846153846 0.3954326923076923 0.04326923076923077 0.10576923076923077
3 0.6430288461538461 0.7379807692307693 0.04807692307692308 0.10576923076923077
3 0.6165865384615384 0.6153846153846154 0.052884615384615384 0.11057692307692307
3 0.5144230769230769 0.29447115384615385 0.04326923076923077 0.10096153846153846
2 0.5877403846153846 0.12259615384615384 0.052884615384615384 0.12980769230769232
2 0.43990384615384615 0.38341346153846156 0.057692307692307696 0.14423076923076922
4 0.1814903846153846 0.2692307692307692 0.0625 0.16826923076923078
1 0.1658653846153846 0.3557692307692308 0.06490384615384616 0.1875
0 0.1875 0.19591346153846154 0.04807692307692308 0.1346153846153846
0 0.15264423076923078 0.4855769230769231 0.055288461538461536 0.1346153846153846
2 0.359375 0.19471153846153846 0.04807692307692308 0.14423076923076922
2 0.15865384615384615 0.5997596153846154 0.0673076923076923 0.14182692307692307
5 0.24879807692307693 0.7391826923076923 0.06009615384615385 0.13701923076923078
5 0.20192307692307693 0.04927884615384615 0.04326923076923077 0.09615384615384616
3 0.27884615384615385 0.04807692307692308 0.038461538461538464 0.09134615384615384
3 0.2800480769230769 0.12860576923076922 0.038461538461538464 0.0889423076923077
3 0.2764423076923077 0.21634615384615385 0.038461538461538464 0.09134615384615384
3 0.2704326923076923 0.3016826923076923 0.04326923076923077 0.10096153846153846
3 0.2704326923076923 0.4026442307692308 0.04807692307692308 0.0985576923076923
3 0.25961538461538464 0.5060096153846154 0.04807692307692308 0.10096153846153846
3 0.25721153846153844 0.6105769230769231 0.04807692307692308 0.10576923076923077
3 0.44471153846153844 0.7331730769230769 0.052884615384615384 0.11538461538461539