4 0.7848557692307693 0.28125 0.07932692307692307 0.16826923076923078
1 0.7920673076923077 0.3557692307692308 0.08173076923076923 0.19471153846153846
5 0.8569711538461539 0.7223557692307693 0.07932692307692307 0.13701923076923078
5 0.7319711538461539 0.055288461538461536 0.05048076923076923 0.11057692307692307
0 0.7512019230769231 0.1971153846153846 0.052884615384615384 0.13942307692307693
0 0.7211538461538461 0.6069711538461539 0.06490384615384616 0.13942307692307693
3 0.6514423076923077 0.04927884615384615 0.04807692307692308 0.0985576923076923
3 0.6742788461538461 0.21754807692307693 0.04326923076923077 0.10096153846153846
3 0.6586538461538461 0.13341346153846154 0.04326923076923077 0.0985576923076923
3 0.7175480769230769 0.4963942307692308 0.055288461538461536 0.0985576923076923
3 0.7019230769230769 0.3894230769230769 0.04807692307692308 0.10576923076923077
3 0.6598557692307693 0.7331730769230769 0.052884615384615384 0.10817307692307693
3 0.6286057692307693 0.6117788461538461 0.055288461538461536 0.11298076923076923
3 0.515625 0.29447115384615385 0.04807692307692308 0.10336538461538461
2 0.5829326923076923 0.1201923076923077 0.055288461538461536 0.12980769230769232
2 0.44471153846153844 0.38822115384615385 0.0625 0.14423076923076922
4 0.1814903846153846 0.28125 0.0673076923076923 0.17067307692307693
1 0.17067307692307693 0.36778846153846156 0.07211538461538461 0.18990384615384615
0 0.18629807692307693 0.20793269230769232 0.052884615384615384 0.13701923076923078
0 0.1622596153846154 0.4987980769230769 0.06009615384615385 0.1346153846153846
2 0.35697115384615385 0.20072115384615385 0.055288461538461536 0.14423076923076922
2 0.17067307692307693 0.6129807692307693 0.07211538461538461 0.14423076923076922
5 0.265625 0.75 0.06490384615384616 0.13942307692307693
5 0.19471153846153846 0.06129807692307692 0.04807692307692308 0.10336538461538461
3 0.27283653846153844 0.056490384615384616 0.040865384615384616 0.09375
3 0.27524038461538464 0.13701923076923078 0.04326923076923077 0.09134615384615384
3 0.27524038461538464 0.22596153846153846 0.040865384615384616 0.09375
3 0.27283653846153844 0.31009615384615385 0.04807692307692308 0.10096153846153846
3 0.27524038461538464 0.4110576923076923 0.05048076923076923 0.10096153846153846
3 0.26802884615384615 0.515625 0.05048076923076923 0.10336538461538461
3 0.2704326923076923 0.6201923076923077 0.052884615384615384 0.10576923076923077
3 0.46153846153846156 0.7355769230769231 0.055288461538461536 0.11538461538461539