4 0.7848557692307693 0.29086538461538464 0.07692307692307693 0.16826923076923078
1 0.7932692307692307 0.3641826923076923 0.08173076923076923 0.19230769230769232
5 0.8497596153846154 0.7331730769230769 0.07451923076923077 0.13942307692307693
5 0.7379807692307693 0.056490384615384616 0.057692307692307696 0.11298076923076923
0 0.7524038461538461 0.203125 0.05048076923076923 0.1346153846153846
0 0.7139423076923077 0.6177884615384616 0.0625 0.12740384615384615
3 0.6995192307692307 0.39663461538461536 0.04807692307692308 0.0985576923076923
3 0.7127403846153846 0.5048076923076923 0.05048076923076923 0.10576923076923077
3 0.6490384615384616 0.7451923076923077 0.055288461538461536 0.10336538461538461
3 0.6213942307692307 0.6177884615384616 0.052884615384615384 0.11057692307692307
3 0.6742788461538461 0.22235576923076922 0.04567307692307692 0.09615384615384616
3 0.6610576923076923 0.13942307692307693 0.040865384615384616 0.09134615384615384
3 0.6538461538461539 0.052884615384615384 0.04326923076923077 0.10096153846153846
2 0.5829326923076923 0.12620192307692307 0.05048076923076923 0.1346153846153846
2 0.6298076923076923 0.4831730769230769 0.06490384615384616 0.14182692307692307
3 0.5120192307692307 0.3004807692307692 0.04567307692307692 0.10576923076923077
4 0.17668269230769232 0.28125 0.06490384615384616 0.17067307692307693
1 0.1622596153846154 0.36899038461538464 0.06971153846153846 0.1971153846153846
0 0.15264423076923078 0.4963942307692308 0.057692307692307696 0.13701923076923078
0 0.18028846153846154 0.20432692307692307 0.052884615384615384 0.1346153846153846
2 0.35697115384615385 0.19951923076923078 0.0625 0.15144230769230768
2 0.1622596153846154 0.609375 0.07211538461538461 0.15625
3 0.453125 0.7451923076923077 0.055288461538461536 0.10817307692307693
3 0.25721153846153844 0.6262019230769231 0.06009615384615385 0.10576923076923077
3 0.25721153846153844 0.5252403846153846 0.06009615384615385 0.11057692307692307
3 0.2668269230769231 0.41466346153846156 0.057692307692307696 0.10096153846153846
3 0.2668269230769231 0.3125 0.06009615384615385 0.0985576923076923
3 0.2692307692307692 0.22355769230769232 0.052884615384615384 0.09375
3 0.27283653846153844 0.13822115384615385 0.055288461538461536 0.09134615384615384
3 0.27283653846153844 0.056490384615384616 0.040865384615384616 0.09615384615384616
5 0.19471153846153846 0.056490384615384616 0.055288461538461536 0.10336538461538461
5 0.25240384615384615 0.7524038461538461 0.06490384615384616 0.13701923076923078